,name,N,m,fm,h_MM,h_mm,tc,seed,network_id,node,label,degree,indegree,outdegree,pagerank
0,PATCH,1000,2,0.2,0.9,0.5,0.2,3082886720,,514,0,3,,,0.0007779072338901812
1,PATCH,1000,2,0.2,0.9,0.5,0.2,3082886720,,20,0,8,,,0.001842227404902971
2,PATCH,1000,2,0.2,0.9,0.5,0.2,3082886720,,684,0,3,,,0.0007777609295081256
3,PATCH,1000,2,0.2,0.9,0.5,0.2,3082886720,,332,0,5,,,0.0012492330599065224
4,PATCH,1000,2,0.2,0.9,0.5,0.2,3082886720,,732,0,2,,,0.0005383134066563502
5,PATCH,1000,2,0.2,0.9,0.5,0.2,3082886720,,656,0,4,,,0.0010090498299798818
6,PATCH,1000,2,0.2,0.9,0.5,0.2,3082886720,,274,0,4,,,0.0009918126428122881
7,PATCH,1000,2,0.2,0.9,0.5,0.2,3082886720,,505,0,2,,,0.0005251334861260806
8,PATCH,1000,2,0.2,0.9,0.5,0.2,3082886720,,512,0,2,,,0.0005582095228466198
9,PATCH,1000,2,0.2,0.9,0.5,0.2,3082886720,,768,0,2,,,0.0005723962468065981
10,PATCH,1000,2,0.2,0.9,0.5,0.2,3082886720,,862,0,2,,,0.0005804156285733777
11,PATCH,1000,2,0.2,0.9,0.5,0.2,3082886720,,347,0,3,,,0.0007888670781955871
12,PATCH,1000,2,0.2,0.9,0.5,0.2,3082886720,,28,0,4,,,0.0009635710214430888
13,PATCH,1000,2,0.2,0.9,0.5,0.2,3082886720,,546,0,2,,,0.0005714733410165627
14,PATCH,1000,2,0.2,0.9,0.5,0.2,3082886720,,686,0,5,,,0.0012796138768019555
15,PATCH,1000,2,0.2,0.9,0.5,0.2,3082886720,,797,0,3,,,0.000834799977298018
16,PATCH,1000,2,0.2,0.9,0.5,0.2,3082886720,,229,0,7,,,0.0016741214147163372
17,PATCH,1000,2,0.2,0.9,0.5,0.2,3082886720,,845,0,2,,,0.0005658766115461083
18,PATCH,1000,2,0.2,0.9,0.5,0.2,3082886720,,685,0,2,,,0.0005487144498873649
19,PATCH,1000,2,0.2,0.9,0.5,0.2,3082886720,,858,0,3,,,0.0007589266327132348
20,PATCH,1000,2,0.2,0.9,0.5,0.2,3082886720,,895,0,2,,,0.0005865933984447202
21,PATCH,1000,2,0.2,0.9,0.5,0.2,3082886720,,490,0,3,,,0.0007891912591819865
22,PATCH,1000,2,0.2,0.9,0.5,0.2,3082886720,,853,0,2,,,0.0005789389598047678
23,PATCH,1000,2,0.2,0.9,0.5,0.2,3082886720,,316,0,5,,,0.0012216902845924428
24,PATCH,1000,2,0.2,0.9,0.5,0.2,3082886720,,599,0,3,,,0.0008188154143113853
25,PATCH,1000,2,0.2,0.9,0.5,0.2,3082886720,,980,0,2,,,0.0006041539168981461
26,PATCH,1000,2,0.2,0.9,0.5,0.2,3082886720,,820,0,3,,,0.0008099220088692774
27,PATCH,1000,2,0.2,0.9,0.5,0.2,3082886720,,343,0,7,,,0.0017477764785151844
28,PATCH,1000,2,0.2,0.9,0.5,0.2,3082886720,,87,0,3,,,0.00078845047619136
29,PATCH,1000,2,0.2,0.9,0.5,0.2,3082886720,,824,0,2,,,0.0005182984084830478
30,PATCH,1000,2,0.2,0.9,0.5,0.2,3082886720,,646,0,3,,,0.0007680631667613716
31,PATCH,1000,2,0.2,0.9,0.5,0.2,3082886720,,739,0,4,,,0.0010016472428104495
32,PATCH,1000,2,0.2,0.9,0.5,0.2,3082886720,,459,0,3,,,0.0008153378397785854
33,PATCH,1000,2,0.2,0.9,0.5,0.2,3082886720,,873,0,2,,,0.0005344146564043757
34,PATCH,1000,2,0.2,0.9,0.5,0.2,3082886720,,570,0,2,,,0.0005423002441185259
35,PATCH,1000,2,0.2,0.9,0.5,0.2,3082886720,,906,0,3,,,0.000782520872367253
36,PATCH,1000,2,0.2,0.9,0.5,0.2,3082886720,,340,0,3,,,0.0007940080003947633
37,PATCH,1000,2,0.2,0.9,0.5,0.2,3082886720,,985,0,2,,,0.000586797554754758
38,PATCH,1000,2,0.2,0.9,0.5,0.2,3082886720,,449,0,2,,,0.0005347240131553894
39,PATCH,1000,2,0.2,0.9,0.5,0.2,3082886720,,414,0,5,,,0.0012846830122331789
40,PATCH,1000,2,0.2,0.9,0.5,0.2,3082886720,,314,0,2,,,0.0005499943311233513
41,PATCH,1000,2,0.2,0.9,0.5,0.2,3082886720,,953,0,2,,,0.0005514953429281891
42,PATCH,1000,2,0.2,0.9,0.5,0.2,3082886720,,664,0,2,,,0.0005714830532714329
43,PATCH,1000,2,0.2,0.9,0.5,0.2,3082886720,,716,0,2,,,0.0005428470691588571
44,PATCH,1000,2,0.2,0.9,0.5,0.2,3082886720,,520,0,2,,,0.0005638507650458298
45,PATCH,1000,2,0.2,0.9,0.5,0.2,3082886720,,572,0,4,,,0.0010426877415182962
46,PATCH,1000,2,0.2,0.9,0.5,0.2,3082886720,,677,0,2,,,0.0005560846353964869
47,PATCH,1000,2,0.2,0.9,0.5,0.2,3082886720,,327,0,2,,,0.0005357774374914016
48,PATCH,1000,2,0.2,0.9,0.5,0.2,3082886720,,335,0,2,,,0.000535789183137053
49,PATCH,1000,2,0.2,0.9,0.5,0.2,3082886720,,702,0,2,,,0.0005830933984994947
50,PATCH,1000,2,0.2,0.9,0.5,0.2,3082886720,,503,0,3,,,0.0007825361122024428
51,PATCH,1000,2,0.2,0.9,0.5,0.2,3082886720,,898,0,3,,,0.0008423764534702541
52,PATCH,1000,2,0.2,0.9,0.5,0.2,3082886720,,504,0,4,,,0.0009886146021625755
53,PATCH,1000,2,0.2,0.9,0.5,0.2,3082886720,,39,0,22,,,0.004897381439852667
54,PATCH,1000,2,0.2,0.9,0.5,0.2,3082886720,,663,0,3,,,0.0008027338073089163
55,PATCH,1000,2,0.2,0.9,0.5,0.2,3082886720,,678,0,2,,,0.0005809162567565169
56,PATCH,1000,2,0.2,0.9,0.5,0.2,3082886720,,700,0,2,,,0.0005672068148777231
57,PATCH,1000,2,0.2,0.9,0.5,0.2,3082886720,,280,0,8,,,0.0019146535592581484
58,PATCH,1000,2,0.2,0.9,0.5,0.2,3082886720,,521,0,3,,,0.0007908438660092715
59,PATCH,1000,2,0.2,0.9,0.5,0.2,3082886720,,203,0,5,,,0.001263130505463178
60,PATCH,1000,2,0.2,0.9,0.5,0.2,3082886720,,80,0,3,,,0.0007704963737954681
61,PATCH,1000,2,0.2,0.9,0.5,0.2,3082886720,,308,0,2,,,0.0005522663353932322
62,PATCH,1000,2,0.2,0.9,0.5,0.2,3082886720,,301,0,2,,,0.0005504102746125458
63,PATCH,1000,2,0.2,0.9,0.5,0.2,3082886720,,123,0,4,,,0.0010053013251109801
64,PATCH,1000,2,0.2,0.9,0.5,0.2,3082886720,,11,0,6,,,0.0013886956394862239
65,PATCH,1000,2,0.2,0.9,0.5,0.2,3082886720,,279,0,5,,,0.001281184667748228
66,PATCH,1000,2,0.2,0.9,0.5,0.2,3082886720,,151,0,2,,,0.0005524987653401043
67,PATCH,1000,2,0.2,0.9,0.5,0.2,3082886720,,88,0,3,,,0.0007933434658945173
68,PATCH,1000,2,0.2,0.9,0.5,0.2,3082886720,,355,0,8,,,0.001974147638007963
69,PATCH,1000,2,0.2,0.9,0.5,0.2,3082886720,,328,0,2,,,0.0005674852134912828
70,PATCH,1000,2,0.2,0.9,0.5,0.2,3082886720,,568,0,4,,,0.0010172730345979993
71,PATCH,1000,2,0.2,0.9,0.5,0.2,3082886720,,238,0,4,,,0.0009748708157473322
72,PATCH,1000,2,0.2,0.9,0.5,0.2,3082886720,,629,0,2,,,0.0005513041574412411
73,PATCH,1000,2,0.2,0.9,0.5,0.2,3082886720,,534,0,4,,,0.0009957240165826317
74,PATCH,1000,2,0.2,0.9,0.5,0.2,3082886720,,528,0,3,,,0.0008378517637237908
75,PATCH,1000,2,0.2,0.9,0.5,0.2,3082886720,,368,0,5,,,0.0012616671511550153
76,PATCH,1000,2,0.2,0.9,0.5,0.2,3082886720,,243,0,2,,,0.0005183803757988774
77,PATCH,1000,2,0.2,0.9,0.5,0.2,3082886720,,887,0,2,,,0.0005586199141491335
78,PATCH,1000,2,0.2,0.9,0.5,0.2,3082886720,,498,0,3,,,0.0007839770948798148
79,PATCH,1000,2,0.2,0.9,0.5,0.2,3082886720,,939,0,2,,,0.0005590051401145723
80,PATCH,1000,2,0.2,0.9,0.5,0.2,3082886720,,160,0,6,,,0.0014557199146383673
81,PATCH,1000,2,0.2,0.9,0.5,0.2,3082886720,,558,0,3,,,0.0008343802464950517
82,PATCH,1000,2,0.2,0.9,0.5,0.2,3082886720,,17,0,18,,,0.003982242439122211
83,PATCH,1000,2,0.2,0.9,0.5,0.2,3082886720,,758,0,2,,,0.0005498056837383653
84,PATCH,1000,2,0.2,0.9,0.5,0.2,3082886720,,628,0,4,,,0.0010464586996573563
85,PATCH,1000,2,0.2,0.9,0.5,0.2,3082886720,,85,0,7,,,0.001657386135461427
86,PATCH,1000,2,0.2,0.9,0.5,0.2,3082886720,,326,0,3,,,0.0008121585601149152
87,PATCH,1000,2,0.2,0.9,0.5,0.2,3082886720,,598,0,2,,,0.0005725974105455933
88,PATCH,1000,2,0.2,0.9,0.5,0.2,3082886720,,202,0,6,,,0.0014191711320299001
89,PATCH,1000,2,0.2,0.9,0.5,0.2,3082886720,,531,0,2,,,0.00057883237371175
90,PATCH,1000,2,0.2,0.9,0.5,0.2,3082886720,,211,0,3,,,0.0007690829576524022
91,PATCH,1000,2,0.2,0.9,0.5,0.2,3082886720,,622,0,3,,,0.0008254743903169728
92,PATCH,1000,2,0.2,0.9,0.5,0.2,3082886720,,587,0,2,,,0.00055903167437448
93,PATCH,1000,2,0.2,0.9,0.5,0.2,3082886720,,344,0,4,,,0.0010357741613969107
94,PATCH,1000,2,0.2,0.9,0.5,0.2,3082886720,,639,0,2,,,0.0005610673074775129
95,PATCH,1000,2,0.2,0.9,0.5,0.2,3082886720,,455,0,2,,,0.0005705391391037895
96,PATCH,1000,2,0.2,0.9,0.5,0.2,3082886720,,869,0,2,,,0.0005892591701069281
97,PATCH,1000,2,0.2,0.9,0.5,0.2,3082886720,,930,0,2,,,0.0006036166123525179
98,PATCH,1000,2,0.2,0.9,0.5,0.2,3082886720,,365,0,4,,,0.0010417248685747967
99,PATCH,1000,2,0.2,0.9,0.5,0.2,3082886720,,500,0,5,,,0.0012770373647135915
100,PATCH,1000,2,0.2,0.9,0.5,0.2,3082886720,,537,0,5,,,0.0012438638835116887
101,PATCH,1000,2,0.2,0.9,0.5,0.2,3082886720,,807,0,2,,,0.0005759285152235892
102,PATCH,1000,2,0.2,0.9,0.5,0.2,3082886720,,198,0,3,,,0.000790632055434222
103,PATCH,1000,2,0.2,0.9,0.5,0.2,3082886720,,808,0,2,,,0.000554876479098587
104,PATCH,1000,2,0.2,0.9,0.5,0.2,3082886720,,852,0,2,,,0.0005840643999796549
105,PATCH,1000,2,0.2,0.9,0.5,0.2,3082886720,,491,0,2,,,0.0005551955967055385
106,PATCH,1000,2,0.2,0.9,0.5,0.2,3082886720,,993,0,2,,,0.000605259594889989
107,PATCH,1000,2,0.2,0.9,0.5,0.2,3082886720,,881,0,2,,,0.0005638370167952991
108,PATCH,1000,2,0.2,0.9,0.5,0.2,3082886720,,215,0,2,,,0.0005128813152677982
109,PATCH,1000,2,0.2,0.9,0.5,0.2,3082886720,,50,0,9,,,0.0021253009244187045
110,PATCH,1000,2,0.2,0.9,0.5,0.2,3082886720,,470,0,3,,,0.0008214310417367332
111,PATCH,1000,2,0.2,0.9,0.5,0.2,3082886720,,47,0,11,,,0.0025428730323794114
112,PATCH,1000,2,0.2,0.9,0.5,0.2,3082886720,,3,0,8,,,0.0018160092332864964
113,PATCH,1000,2,0.2,0.9,0.5,0.2,3082886720,,693,0,2,,,0.000569023602668694
114,PATCH,1000,2,0.2,0.9,0.5,0.2,3082886720,,981,0,2,,,0.0005795229867330472
115,PATCH,1000,2,0.2,0.9,0.5,0.2,3082886720,,338,0,4,,,0.0009879074291335506
116,PATCH,1000,2,0.2,0.9,0.5,0.2,3082886720,,575,0,3,,,0.0007869208523044405
117,PATCH,1000,2,0.2,0.9,0.5,0.2,3082886720,,146,0,4,,,0.0009804972172919877
118,PATCH,1000,2,0.2,0.9,0.5,0.2,3082886720,,407,0,4,,,0.0009990180051705295
119,PATCH,1000,2,0.2,0.9,0.5,0.2,3082886720,,170,0,6,,,0.0014074241217235702
120,PATCH,1000,2,0.2,0.9,0.5,0.2,3082886720,,93,0,4,,,0.0010000801740642064
121,PATCH,1000,2,0.2,0.9,0.5,0.2,3082886720,,892,0,2,,,0.0005373864945742029
122,PATCH,1000,2,0.2,0.9,0.5,0.2,3082886720,,269,0,3,,,0.0007779453749540967
123,PATCH,1000,2,0.2,0.9,0.5,0.2,3082886720,,773,0,4,,,0.0010459100608348768
124,PATCH,1000,2,0.2,0.9,0.5,0.2,3082886720,,7,0,13,,,0.0028401658596771844
125,PATCH,1000,2,0.2,0.9,0.5,0.2,3082886720,,0,0,86,,,0.018446877336671615
126,PATCH,1000,2,0.2,0.9,0.5,0.2,3082886720,,273,0,2,,,0.0005588001491627054
127,PATCH,1000,2,0.2,0.9,0.5,0.2,3082886720,,383,0,3,,,0.0008426374557997641
128,PATCH,1000,2,0.2,0.9,0.5,0.2,3082886720,,574,0,2,,,0.0005925146510279401
129,PATCH,1000,2,0.2,0.9,0.5,0.2,3082886720,,584,0,3,,,0.000785544884965072
130,PATCH,1000,2,0.2,0.9,0.5,0.2,3082886720,,481,0,2,,,0.0005387640782700459
131,PATCH,1000,2,0.2,0.9,0.5,0.2,3082886720,,45,0,6,,,0.001380754511782528
132,PATCH,1000,2,0.2,0.9,0.5,0.2,3082886720,,931,0,2,,,0.0006070183456398356
133,PATCH,1000,2,0.2,0.9,0.5,0.2,3082886720,,567,0,2,,,0.000571671570638467
134,PATCH,1000,2,0.2,0.9,0.5,0.2,3082886720,,526,0,2,,,0.0005644937239567179
135,PATCH,1000,2,0.2,0.9,0.5,0.2,3082886720,,300,0,4,,,0.0009796598451415823
136,PATCH,1000,2,0.2,0.9,0.5,0.2,3082886720,,413,0,3,,,0.0007992948662440485
137,PATCH,1000,2,0.2,0.9,0.5,0.2,3082886720,,266,0,5,,,0.0012434796642757796
138,PATCH,1000,2,0.2,0.9,0.5,0.2,3082886720,,942,0,2,,,0.0005710467582590202
139,PATCH,1000,2,0.2,0.9,0.5,0.2,3082886720,,978,0,2,,,0.0005737672479751026
140,PATCH,1000,2,0.2,0.9,0.5,0.2,3082886720,,206,0,4,,,0.0009884736821237513
141,PATCH,1000,2,0.2,0.9,0.5,0.2,3082886720,,480,0,2,,,0.0005675244942162567
142,PATCH,1000,2,0.2,0.9,0.5,0.2,3082886720,,457,0,3,,,0.0007902876818031736
143,PATCH,1000,2,0.2,0.9,0.5,0.2,3082886720,,624,0,2,,,0.0005484333051622045
144,PATCH,1000,2,0.2,0.9,0.5,0.2,3082886720,,667,0,2,,,0.0005450595214461808
145,PATCH,1000,2,0.2,0.9,0.5,0.2,3082886720,,153,0,5,,,0.0012872408037015962
146,PATCH,1000,2,0.2,0.9,0.5,0.2,3082886720,,154,0,3,,,0.0007880871294706945
147,PATCH,1000,2,0.2,0.9,0.5,0.2,3082886720,,145,0,4,,,0.001000335565806878
148,PATCH,1000,2,0.2,0.9,0.5,0.2,3082886720,,116,0,7,,,0.0016856693963295797
149,PATCH,1000,2,0.2,0.9,0.5,0.2,3082886720,,492,0,2,,,0.0005458535331542794
150,PATCH,1000,2,0.2,0.9,0.5,0.2,3082886720,,378,0,8,,,0.001925955380168598
151,PATCH,1000,2,0.2,0.9,0.5,0.2,3082886720,,303,0,5,,,0.0012180303388743174
152,PATCH,1000,2,0.2,0.9,0.5,0.2,3082886720,,764,0,2,,,0.0005515888090128144
153,PATCH,1000,2,0.2,0.9,0.5,0.2,3082886720,,432,0,3,,,0.0007745180508527223
154,PATCH,1000,2,0.2,0.9,0.5,0.2,3082886720,,278,0,4,,,0.000984432703419954
155,PATCH,1000,2,0.2,0.9,0.5,0.2,3082886720,,864,0,2,,,0.0006040217059310862
156,PATCH,1000,2,0.2,0.9,0.5,0.2,3082886720,,737,0,2,,,0.0005669184302454843
157,PATCH,1000,2,0.2,0.9,0.5,0.2,3082886720,,984,0,2,,,0.0005718321799191455
158,PATCH,1000,2,0.2,0.9,0.5,0.2,3082886720,,74,0,21,,,0.00466136164316398
159,PATCH,1000,2,0.2,0.9,0.5,0.2,3082886720,,835,0,2,,,0.0005470714329097189
160,PATCH,1000,2,0.2,0.9,0.5,0.2,3082886720,,311,0,4,,,0.001026713484964368
161,PATCH,1000,2,0.2,0.9,0.5,0.2,3082886720,,15,0,14,,,0.0031279338678793646
162,PATCH,1000,2,0.2,0.9,0.5,0.2,3082886720,,934,0,2,,,0.000595806240025938
163,PATCH,1000,2,0.2,0.9,0.5,0.2,3082886720,,349,0,2,,,0.0005573703549579434
164,PATCH,1000,2,0.2,0.9,0.5,0.2,3082886720,,733,0,2,,,0.0005482903230018476
165,PATCH,1000,2,0.2,0.9,0.5,0.2,3082886720,,780,0,2,,,0.000565862938122342
166,PATCH,1000,2,0.2,0.9,0.5,0.2,3082886720,,891,0,2,,,0.0005893596779840114
167,PATCH,1000,2,0.2,0.9,0.5,0.2,3082886720,,14,0,26,,,0.005687399792975792
168,PATCH,1000,2,0.2,0.9,0.5,0.2,3082886720,,672,0,2,,,0.000570726844704148
169,PATCH,1000,2,0.2,0.9,0.5,0.2,3082886720,,208,0,3,,,0.0007534957402776321
170,PATCH,1000,2,0.2,0.9,0.5,0.2,3082886720,,124,0,3,,,0.0007741391127407238
171,PATCH,1000,2,0.2,0.9,0.5,0.2,3082886720,,818,0,2,,,0.00056114218637023
172,PATCH,1000,2,0.2,0.9,0.5,0.2,3082886720,,539,0,2,,,0.0005428097964608249
173,PATCH,1000,2,0.2,0.9,0.5,0.2,3082886720,,619,0,2,,,0.0005665992001773422
174,PATCH,1000,2,0.2,0.9,0.5,0.2,3082886720,,357,0,2,,,0.0005584625364527989
175,PATCH,1000,2,0.2,0.9,0.5,0.2,3082886720,,964,0,2,,,0.000605535542780326
176,PATCH,1000,2,0.2,0.9,0.5,0.2,3082886720,,147,0,4,,,0.0009901358703052884
177,PATCH,1000,2,0.2,0.9,0.5,0.2,3082886720,,856,0,2,,,0.0005248321060412778
178,PATCH,1000,2,0.2,0.9,0.5,0.2,3082886720,,525,0,4,,,0.0010680420686083872
179,PATCH,1000,2,0.2,0.9,0.5,0.2,3082886720,,542,0,2,,,0.0005495469693295655
180,PATCH,1000,2,0.2,0.9,0.5,0.2,3082886720,,159,0,9,,,0.002078080755801167
181,PATCH,1000,2,0.2,0.9,0.5,0.2,3082886720,,995,0,2,,,0.0005718451768609867
182,PATCH,1000,2,0.2,0.9,0.5,0.2,3082886720,,187,0,2,,,0.0005646317246412008
183,PATCH,1000,2,0.2,0.9,0.5,0.2,3082886720,,282,0,3,,,0.0007608368894924529
184,PATCH,1000,2,0.2,0.9,0.5,0.2,3082886720,,337,0,2,,,0.0005280958722890464
185,PATCH,1000,2,0.2,0.9,0.5,0.2,3082886720,,515,0,4,,,0.0010207401843554367
186,PATCH,1000,2,0.2,0.9,0.5,0.2,3082886720,,720,0,3,,,0.0008032147034137298
187,PATCH,1000,2,0.2,0.9,0.5,0.2,3082886720,,268,0,3,,,0.0007683679356473359
188,PATCH,1000,2,0.2,0.9,0.5,0.2,3082886720,,977,0,2,,,0.0005474398096178135
189,PATCH,1000,2,0.2,0.9,0.5,0.2,3082886720,,745,0,3,,,0.000778928994204277
190,PATCH,1000,2,0.2,0.9,0.5,0.2,3082886720,,689,0,2,,,0.0005600064856452327
191,PATCH,1000,2,0.2,0.9,0.5,0.2,3082886720,,747,0,2,,,0.000537836711059562
192,PATCH,1000,2,0.2,0.9,0.5,0.2,3082886720,,997,0,2,,,0.0005918718892230193
193,PATCH,1000,2,0.2,0.9,0.5,0.2,3082886720,,474,0,3,,,0.0008199707036143569
194,PATCH,1000,2,0.2,0.9,0.5,0.2,3082886720,,992,0,2,,,0.0005981426588643118
195,PATCH,1000,2,0.2,0.9,0.5,0.2,3082886720,,564,0,4,,,0.0010304484356019473
196,PATCH,1000,2,0.2,0.9,0.5,0.2,3082886720,,580,0,5,,,0.0012794509534131693
197,PATCH,1000,2,0.2,0.9,0.5,0.2,3082886720,,217,0,2,,,0.0005378751934775432
198,PATCH,1000,2,0.2,0.9,0.5,0.2,3082886720,,299,0,2,,,0.0005378751934775432
199,PATCH,1000,2,0.2,0.9,0.5,0.2,3082886720,,709,0,2,,,0.0005705538468804286
200,PATCH,1000,2,0.2,0.9,0.5,0.2,3082886720,,519,0,3,,,0.0008097967758405675
201,PATCH,1000,2,0.2,0.9,0.5,0.2,3082886720,,522,0,3,,,0.000789511508394531
202,PATCH,1000,2,0.2,0.9,0.5,0.2,3082886720,,318,0,2,,,0.0005488377808095207
203,PATCH,1000,2,0.2,0.9,0.5,0.2,3082886720,,928,0,2,,,0.0005934950670728046
204,PATCH,1000,2,0.2,0.9,0.5,0.2,3082886720,,710,0,2,,,0.0005516777403637244
205,PATCH,1000,2,0.2,0.9,0.5,0.2,3082886720,,396,0,2,,,0.000557644526409632
206,PATCH,1000,2,0.2,0.9,0.5,0.2,3082886720,,79,0,10,,,0.0023621598549954485
207,PATCH,1000,2,0.2,0.9,0.5,0.2,3082886720,,793,0,2,,,0.0005407391332161143
208,PATCH,1000,2,0.2,0.9,0.5,0.2,3082886720,,304,0,2,,,0.0005462427879258254
209,PATCH,1000,2,0.2,0.9,0.5,0.2,3082886720,,225,0,3,,,0.000740717544103235
210,PATCH,1000,2,0.2,0.9,0.5,0.2,3082886720,,258,0,2,,,0.0005355413211910005
211,PATCH,1000,2,0.2,0.9,0.5,0.2,3082886720,,788,0,2,,,0.0005945965667739705
212,PATCH,1000,2,0.2,0.9,0.5,0.2,3082886720,,109,0,7,,,0.0017438732049187542
213,PATCH,1000,2,0.2,0.9,0.5,0.2,3082886720,,915,0,2,,,0.0005639196404672264
214,PATCH,1000,2,0.2,0.9,0.5,0.2,3082886720,,161,0,3,,,0.0007628600692154265
215,PATCH,1000,2,0.2,0.9,0.5,0.2,3082886720,,970,0,2,,,0.0005271218756972897
216,PATCH,1000,2,0.2,0.9,0.5,0.2,3082886720,,425,0,3,,,0.000770884546524196
217,PATCH,1000,2,0.2,0.9,0.5,0.2,3082886720,,471,0,2,,,0.0005635325449106521
218,PATCH,1000,2,0.2,0.9,0.5,0.2,3082886720,,75,0,3,,,0.0007816376965867558
219,PATCH,1000,2,0.2,0.9,0.5,0.2,3082886720,,533,0,2,,,0.0005282913538943338
220,PATCH,1000,2,0.2,0.9,0.5,0.2,3082886720,,653,0,3,,,0.0007883602160853757
221,PATCH,1000,2,0.2,0.9,0.5,0.2,3082886720,,680,0,6,,,0.0014893832436627197
222,PATCH,1000,2,0.2,0.9,0.5,0.2,3082886720,,478,0,2,,,0.0005604717639859407
223,PATCH,1000,2,0.2,0.9,0.5,0.2,3082886720,,186,0,3,,,0.0007304083100980474
224,PATCH,1000,2,0.2,0.9,0.5,0.2,3082886720,,769,0,2,,,0.0006211353980226491
225,PATCH,1000,2,0.2,0.9,0.5,0.2,3082886720,,173,0,2,,,0.0005360861039763388
226,PATCH,1000,2,0.2,0.9,0.5,0.2,3082886720,,706,0,2,,,0.0005519432913104586
227,PATCH,1000,2,0.2,0.9,0.5,0.2,3082886720,,322,0,5,,,0.001245883542530889
228,PATCH,1000,2,0.2,0.9,0.5,0.2,3082886720,,372,0,3,,,0.0007947540204357242
229,PATCH,1000,2,0.2,0.9,0.5,0.2,3082886720,,946,0,2,,,0.0005291272822584042
230,PATCH,1000,2,0.2,0.9,0.5,0.2,3082886720,,527,0,4,,,0.0010162231386783252
231,PATCH,1000,2,0.2,0.9,0.5,0.2,3082886720,,98,0,14,,,0.003233739246439888
232,PATCH,1000,2,0.2,0.9,0.5,0.2,3082886720,,969,0,2,,,0.0005967254142703847
233,PATCH,1000,2,0.2,0.9,0.5,0.2,3082886720,,244,0,2,,,0.0005298802037068303
234,PATCH,1000,2,0.2,0.9,0.5,0.2,3082886720,,705,0,2,,,0.0005448674669039826
235,PATCH,1000,2,0.2,0.9,0.5,0.2,3082886720,,616,0,2,,,0.0005510001721013743
236,PATCH,1000,2,0.2,0.9,0.5,0.2,3082886720,,932,0,2,,,0.0005650997173476793
237,PATCH,1000,2,0.2,0.9,0.5,0.2,3082886720,,423,0,6,,,0.001477518219919399
238,PATCH,1000,2,0.2,0.9,0.5,0.2,3082886720,,105,0,4,,,0.0009817459967408828
239,PATCH,1000,2,0.2,0.9,0.5,0.2,3082886720,,250,0,4,,,0.0010111354455256288
240,PATCH,1000,2,0.2,0.9,0.5,0.2,3082886720,,131,0,4,,,0.0010306210252107705
241,PATCH,1000,2,0.2,0.9,0.5,0.2,3082886720,,400,0,2,,,0.0005225317429651269
242,PATCH,1000,2,0.2,0.9,0.5,0.2,3082886720,,362,0,3,,,0.0007888328044364355
243,PATCH,1000,2,0.2,0.9,0.5,0.2,3082886720,,398,0,2,,,0.0005250489595327842
244,PATCH,1000,2,0.2,0.9,0.5,0.2,3082886720,,673,0,3,,,0.0007568088767795914
245,PATCH,1000,2,0.2,0.9,0.5,0.2,3082886720,,592,0,2,,,0.0005771398936044119
246,PATCH,1000,2,0.2,0.9,0.5,0.2,3082886720,,67,0,3,,,0.0007683033353708534
247,PATCH,1000,2,0.2,0.9,0.5,0.2,3082886720,,582,0,4,,,0.0009988475081934378
248,PATCH,1000,2,0.2,0.9,0.5,0.2,3082886720,,925,0,2,,,0.0005726652988358942
249,PATCH,1000,2,0.2,0.9,0.5,0.2,3082886720,,548,0,2,,,0.0005397923527653645
250,PATCH,1000,2,0.2,0.9,0.5,0.2,3082886720,,918,0,2,,,0.0005650168085572816
251,PATCH,1000,2,0.2,0.9,0.5,0.2,3082886720,,54,0,18,,,0.004120432002167062
252,PATCH,1000,2,0.2,0.9,0.5,0.2,3082886720,,502,0,3,,,0.0007932592913238663
253,PATCH,1000,2,0.2,0.9,0.5,0.2,3082886720,,670,0,2,,,0.000577640067253036
254,PATCH,1000,2,0.2,0.9,0.5,0.2,3082886720,,802,0,2,,,0.0005501743955704184
255,PATCH,1000,2,0.2,0.9,0.5,0.2,3082886720,,827,0,3,,,0.0008017766754334375
256,PATCH,1000,2,0.2,0.9,0.5,0.2,3082886720,,501,0,2,,,0.0005778999176366775
257,PATCH,1000,2,0.2,0.9,0.5,0.2,3082886720,,813,0,2,,,0.0005466990959753852
258,PATCH,1000,2,0.2,0.9,0.5,0.2,3082886720,,289,0,4,,,0.0009698191120211585
259,PATCH,1000,2,0.2,0.9,0.5,0.2,3082886720,,128,0,7,,,0.001716613204884208
260,PATCH,1000,2,0.2,0.9,0.5,0.2,3082886720,,484,0,2,,,0.00053760860075711
261,PATCH,1000,2,0.2,0.9,0.5,0.2,3082886720,,4,0,66,,,0.014093871597311439
262,PATCH,1000,2,0.2,0.9,0.5,0.2,3082886720,,714,0,2,,,0.0006030966688332209
263,PATCH,1000,2,0.2,0.9,0.5,0.2,3082886720,,902,0,2,,,0.0005714618732992498
264,PATCH,1000,2,0.2,0.9,0.5,0.2,3082886720,,181,0,7,,,0.0016760977499194918
265,PATCH,1000,2,0.2,0.9,0.5,0.2,3082886720,,740,0,2,,,0.0005434005020818643
266,PATCH,1000,2,0.2,0.9,0.5,0.2,3082886720,,164,0,3,,,0.0007564025235978304
267,PATCH,1000,2,0.2,0.9,0.5,0.2,3082886720,,296,0,3,,,0.0007420732274695183
268,PATCH,1000,2,0.2,0.9,0.5,0.2,3082886720,,645,0,2,,,0.0005479568707680052
269,PATCH,1000,2,0.2,0.9,0.5,0.2,3082886720,,310,0,4,,,0.0010065589436814284
270,PATCH,1000,2,0.2,0.9,0.5,0.2,3082886720,,188,0,3,,,0.0007986071231145456
271,PATCH,1000,2,0.2,0.9,0.5,0.2,3082886720,,506,0,2,,,0.0005618101093065255
272,PATCH,1000,2,0.2,0.9,0.5,0.2,3082886720,,121,0,6,,,0.001460948228222929
273,PATCH,1000,2,0.2,0.9,0.5,0.2,3082886720,,766,0,2,,,0.0005748245428768052
274,PATCH,1000,2,0.2,0.9,0.5,0.2,3082886720,,937,0,3,,,0.0007568747117817416
275,PATCH,1000,2,0.2,0.9,0.5,0.2,3082886720,,695,0,3,,,0.0007630315319164785
276,PATCH,1000,2,0.2,0.9,0.5,0.2,3082886720,,447,0,2,,,0.0005842610081588108
277,PATCH,1000,2,0.2,0.9,0.5,0.2,3082886720,,440,0,2,,,0.0005568749996650912
278,PATCH,1000,2,0.2,0.9,0.5,0.2,3082886720,,83,0,6,,,0.0014874277689741458
279,PATCH,1000,2,0.2,0.9,0.5,0.2,3082886720,,61,0,5,,,0.0011895748098366536
280,PATCH,1000,2,0.2,0.9,0.5,0.2,3082886720,,95,0,4,,,0.0009950235131387973
281,PATCH,1000,2,0.2,0.9,0.5,0.2,3082886720,,823,0,2,,,0.000610809561286932
282,PATCH,1000,2,0.2,0.9,0.5,0.2,3082886720,,914,0,2,,,0.0005683242804356813
283,PATCH,1000,2,0.2,0.9,0.5,0.2,3082886720,,171,0,5,,,0.0012166410023993141
284,PATCH,1000,2,0.2,0.9,0.5,0.2,3082886720,,774,0,4,,,0.0010449288541743535
285,PATCH,1000,2,0.2,0.9,0.5,0.2,3082886720,,839,0,2,,,0.0005415965800363918
286,PATCH,1000,2,0.2,0.9,0.5,0.2,3082886720,,907,0,2,,,0.0005360682913451073
287,PATCH,1000,2,0.2,0.9,0.5,0.2,3082886720,,32,0,8,,,0.0018422634751856964
288,PATCH,1000,2,0.2,0.9,0.5,0.2,3082886720,,701,0,2,,,0.0005209979518818888
289,PATCH,1000,2,0.2,0.9,0.5,0.2,3082886720,,679,0,3,,,0.0008446766298544664
290,PATCH,1000,2,0.2,0.9,0.5,0.2,3082886720,,920,0,2,,,0.0005608448764482105
291,PATCH,1000,2,0.2,0.9,0.5,0.2,3082886720,,420,0,4,,,0.0010436173326215047
292,PATCH,1000,2,0.2,0.9,0.5,0.2,3082886720,,921,0,2,,,0.000566058111368663
293,PATCH,1000,2,0.2,0.9,0.5,0.2,3082886720,,825,0,2,,,0.0005448715737266575
294,PATCH,1000,2,0.2,0.9,0.5,0.2,3082886720,,756,0,3,,,0.0007809841262288865
295,PATCH,1000,2,0.2,0.9,0.5,0.2,3082886720,,595,0,3,,,0.0008213383061719817
296,PATCH,1000,2,0.2,0.9,0.5,0.2,3082886720,,809,0,3,,,0.0007580458194798067
297,PATCH,1000,2,0.2,0.9,0.5,0.2,3082886720,,648,0,2,,,0.0005592834628991976
298,PATCH,1000,2,0.2,0.9,0.5,0.2,3082886720,,929,0,4,,,0.0010725072530454616
299,PATCH,1000,2,0.2,0.9,0.5,0.2,3082886720,,549,0,3,,,0.0007778242980205262
300,PATCH,1000,2,0.2,0.9,0.5,0.2,3082886720,,708,0,3,,,0.0007904088962666082
301,PATCH,1000,2,0.2,0.9,0.5,0.2,3082886720,,409,0,4,,,0.00100843015089703
302,PATCH,1000,2,0.2,0.9,0.5,0.2,3082886720,,476,0,4,,,0.0010393714092862285
303,PATCH,1000,2,0.2,0.9,0.5,0.2,3082886720,,417,0,5,,,0.0012644625279912326
304,PATCH,1000,2,0.2,0.9,0.5,0.2,3082886720,,466,0,3,,,0.000811650414642019
305,PATCH,1000,2,0.2,0.9,0.5,0.2,3082886720,,199,0,6,,,0.0014737630949899854
306,PATCH,1000,2,0.2,0.9,0.5,0.2,3082886720,,10,0,23,,,0.004966539784419129
307,PATCH,1000,2,0.2,0.9,0.5,0.2,3082886720,,874,0,2,,,0.0005219371827005728
308,PATCH,1000,2,0.2,0.9,0.5,0.2,3082886720,,69,0,15,,,0.0035164965791427832
309,PATCH,1000,2,0.2,0.9,0.5,0.2,3082886720,,694,0,3,,,0.0007795796075456586
310,PATCH,1000,2,0.2,0.9,0.5,0.2,3082886720,,29,0,20,,,0.004276474259244937
311,PATCH,1000,2,0.2,0.9,0.5,0.2,3082886720,,107,0,6,,,0.0014466204042965574
312,PATCH,1000,2,0.2,0.9,0.5,0.2,3082886720,,257,0,5,,,0.0012708951893986341
313,PATCH,1000,2,0.2,0.9,0.5,0.2,3082886720,,294,0,5,,,0.0012540271069112607
314,PATCH,1000,2,0.2,0.9,0.5,0.2,3082886720,,571,0,3,,,0.0007967487338007933
315,PATCH,1000,2,0.2,0.9,0.5,0.2,3082886720,,806,0,2,,,0.0005176879335165679
316,PATCH,1000,2,0.2,0.9,0.5,0.2,3082886720,,52,0,8,,,0.0018166482119491342
317,PATCH,1000,2,0.2,0.9,0.5,0.2,3082886720,,834,0,2,,,0.0005997538893423576
318,PATCH,1000,2,0.2,0.9,0.5,0.2,3082886720,,857,0,2,,,0.0005588994599904505
319,PATCH,1000,2,0.2,0.9,0.5,0.2,3082886720,,403,0,2,,,0.0005358499413173564
320,PATCH,1000,2,0.2,0.9,0.5,0.2,3082886720,,450,0,3,,,0.000761542964316308
321,PATCH,1000,2,0.2,0.9,0.5,0.2,3082886720,,465,0,2,,,0.0005648630195776966
322,PATCH,1000,2,0.2,0.9,0.5,0.2,3082886720,,518,0,2,,,0.0005197745399295339
323,PATCH,1000,2,0.2,0.9,0.5,0.2,3082886720,,410,0,4,,,0.0010040887625815521
324,PATCH,1000,2,0.2,0.9,0.5,0.2,3082886720,,861,0,2,,,0.0005971240480983882
325,PATCH,1000,2,0.2,0.9,0.5,0.2,3082886720,,882,0,2,,,0.0005477283150747741
326,PATCH,1000,2,0.2,0.9,0.5,0.2,3082886720,,561,0,2,,,0.0005517770244341639
327,PATCH,1000,2,0.2,0.9,0.5,0.2,3082886720,,532,0,3,,,0.0007975987803085841
328,PATCH,1000,2,0.2,0.9,0.5,0.2,3082886720,,924,0,2,,,0.0005822123777714218
329,PATCH,1000,2,0.2,0.9,0.5,0.2,3082886720,,896,0,2,,,0.0005459802399637747
330,PATCH,1000,2,0.2,0.9,0.5,0.2,3082886720,,763,0,2,,,0.0005363824391423474
331,PATCH,1000,2,0.2,0.9,0.5,0.2,3082886720,,627,0,2,,,0.0005578343999459949
332,PATCH,1000,2,0.2,0.9,0.5,0.2,3082886720,,223,0,6,,,0.0014595980797661077
333,PATCH,1000,2,0.2,0.9,0.5,0.2,3082886720,,127,0,2,,,0.00053743292835396
334,PATCH,1000,2,0.2,0.9,0.5,0.2,3082886720,,104,0,4,,,0.0009849803471860656
335,PATCH,1000,2,0.2,0.9,0.5,0.2,3082886720,,559,0,3,,,0.0008181542224248393
336,PATCH,1000,2,0.2,0.9,0.5,0.2,3082886720,,246,0,6,,,0.0014484943870309364
337,PATCH,1000,2,0.2,0.9,0.5,0.2,3082886720,,228,0,9,,,0.0021115022747793394
338,PATCH,1000,2,0.2,0.9,0.5,0.2,3082886720,,70,0,8,,,0.0019355336306592216
339,PATCH,1000,2,0.2,0.9,0.5,0.2,3082886720,,106,0,3,,,0.0007375821009124971
340,PATCH,1000,2,0.2,0.9,0.5,0.2,3082886720,,324,0,2,,,0.0005689456381798181
341,PATCH,1000,2,0.2,0.9,0.5,0.2,3082886720,,460,0,3,,,0.0007598766014365591
342,PATCH,1000,2,0.2,0.9,0.5,0.2,3082886720,,157,0,10,,,0.00233070026030374
343,PATCH,1000,2,0.2,0.9,0.5,0.2,3082886720,,605,0,2,,,0.0005398726028412217
344,PATCH,1000,2,0.2,0.9,0.5,0.2,3082886720,,508,0,3,,,0.0008166285986769982
345,PATCH,1000,2,0.2,0.9,0.5,0.2,3082886720,,415,0,2,,,0.0005426822656533743
346,PATCH,1000,2,0.2,0.9,0.5,0.2,3082886720,,174,0,3,,,0.0007993795615155238
347,PATCH,1000,2,0.2,0.9,0.5,0.2,3082886720,,948,0,2,,,0.0005395477131707471
348,PATCH,1000,2,0.2,0.9,0.5,0.2,3082886720,,615,0,2,,,0.0005464061444124634
349,PATCH,1000,2,0.2,0.9,0.5,0.2,3082886720,,633,0,2,,,0.0005713427028573532
350,PATCH,1000,2,0.2,0.9,0.5,0.2,3082886720,,73,0,5,,,0.0011622970792041815
351,PATCH,1000,2,0.2,0.9,0.5,0.2,3082886720,,51,0,16,,,0.003700402531962478
352,PATCH,1000,2,0.2,0.9,0.5,0.2,3082886720,,285,0,3,,,0.0007712449534095235
353,PATCH,1000,2,0.2,0.9,0.5,0.2,3082886720,,772,0,3,,,0.0008363725929635118
354,PATCH,1000,2,0.2,0.9,0.5,0.2,3082886720,,860,0,2,,,0.0005676361796125346
355,PATCH,1000,2,0.2,0.9,0.5,0.2,3082886720,,799,0,3,,,0.0008120997539330072
356,PATCH,1000,2,0.2,0.9,0.5,0.2,3082886720,,922,0,2,,,0.00051825801333641
357,PATCH,1000,2,0.2,0.9,0.5,0.2,3082886720,,789,0,2,,,0.0005496739108761878
358,PATCH,1000,2,0.2,0.9,0.5,0.2,3082886720,,488,0,2,,,0.0005474676088166815
359,PATCH,1000,2,0.2,0.9,0.5,0.2,3082886720,,385,0,6,,,0.0014955814032087554
360,PATCH,1000,2,0.2,0.9,0.5,0.2,3082886720,,21,0,8,,,0.0018031810474494374
361,PATCH,1000,2,0.2,0.9,0.5,0.2,3082886720,,231,0,2,,,0.0005500315104122021
362,PATCH,1000,2,0.2,0.9,0.5,0.2,3082886720,,57,0,4,,,0.0009685442241469012
363,PATCH,1000,2,0.2,0.9,0.5,0.2,3082886720,,601,0,3,,,0.0007822316942510755
364,PATCH,1000,2,0.2,0.9,0.5,0.2,3082886720,,607,0,2,,,0.0005577900144348965
365,PATCH,1000,2,0.2,0.9,0.5,0.2,3082886720,,755,0,2,,,0.0005543912573021111
366,PATCH,1000,2,0.2,0.9,0.5,0.2,3082886720,,331,0,3,,,0.0007635912745013734
367,PATCH,1000,2,0.2,0.9,0.5,0.2,3082886720,,810,0,2,,,0.0005583284703868479
368,PATCH,1000,2,0.2,0.9,0.5,0.2,3082886720,,945,0,2,,,0.0005182984084830478
369,PATCH,1000,2,0.2,0.9,0.5,0.2,3082886720,,133,0,3,,,0.0007357230989207915
370,PATCH,1000,2,0.2,0.9,0.5,0.2,3082886720,,530,0,2,,,0.0005885625716794015
371,PATCH,1000,2,0.2,0.9,0.5,0.2,3082886720,,201,0,7,,,0.0016857781948176162
372,PATCH,1000,2,0.2,0.9,0.5,0.2,3082886720,,426,0,2,,,0.0005282576805736103
373,PATCH,1000,2,0.2,0.9,0.5,0.2,3082886720,,662,0,2,,,0.0005553702614796296
374,PATCH,1000,2,0.2,0.9,0.5,0.2,3082886720,,66,0,4,,,0.0009861169212144574
375,PATCH,1000,2,0.2,0.9,0.5,0.2,3082886720,,751,0,5,,,0.0012809292183824366
376,PATCH,1000,2,0.2,0.9,0.5,0.2,3082886720,,307,0,3,,,0.0008233246144792153
377,PATCH,1000,2,0.2,0.9,0.5,0.2,3082886720,,982,0,2,,,0.0005681153514623318
378,PATCH,1000,2,0.2,0.9,0.5,0.2,3082886720,,865,0,2,,,0.0005455867338996738
379,PATCH,1000,2,0.2,0.9,0.5,0.2,3082886720,,458,0,3,,,0.0008025253525735019
380,PATCH,1000,2,0.2,0.9,0.5,0.2,3082886720,,723,0,2,,,0.0005548139068702806
381,PATCH,1000,2,0.2,0.9,0.5,0.2,3082886720,,791,0,2,,,0.0005895138327291307
382,PATCH,1000,2,0.2,0.9,0.5,0.2,3082886720,,185,0,2,,,0.0005358499413173564
383,PATCH,1000,2,0.2,0.9,0.5,0.2,3082886720,,596,0,3,,,0.0007651376878568956
384,PATCH,1000,2,0.2,0.9,0.5,0.2,3082886720,,760,0,3,,,0.0008251146857737198
385,PATCH,1000,2,0.2,0.9,0.5,0.2,3082886720,,876,0,2,,,0.0005660399718762855
386,PATCH,1000,2,0.2,0.9,0.5,0.2,3082886720,,819,0,2,,,0.0005446466022353266
387,PATCH,1000,2,0.2,0.9,0.5,0.2,3082886720,,489,0,2,,,0.000563207938874823
388,PATCH,1000,2,0.2,0.9,0.5,0.2,3082886720,,444,0,4,,,0.001041218748292214
389,PATCH,1000,2,0.2,0.9,0.5,0.2,3082886720,,722,0,2,,,0.000575326623811677
390,PATCH,1000,2,0.2,0.9,0.5,0.2,3082886720,,461,0,3,,,0.0008219907108088199
391,PATCH,1000,2,0.2,0.9,0.5,0.2,3082886720,,900,0,2,,,0.0005690174878344143
392,PATCH,1000,2,0.2,0.9,0.5,0.2,3082886720,,467,0,3,,,0.0007878169589640466
393,PATCH,1000,2,0.2,0.9,0.5,0.2,3082886720,,885,0,2,,,0.0006027748653637898
394,PATCH,1000,2,0.2,0.9,0.5,0.2,3082886720,,608,0,2,,,0.0005607145679887165
395,PATCH,1000,2,0.2,0.9,0.5,0.2,3082886720,,517,0,3,,,0.000813401407846809
396,PATCH,1000,2,0.2,0.9,0.5,0.2,3082886720,,68,0,8,,,0.001871382548027753
397,PATCH,1000,2,0.2,0.9,0.5,0.2,3082886720,,313,0,4,,,0.0010112220715426555
398,PATCH,1000,2,0.2,0.9,0.5,0.2,3082886720,,110,0,13,,,0.00297125827896587
399,PATCH,1000,2,0.2,0.9,0.5,0.2,3082886720,,811,0,2,,,0.0005345515050335274
400,PATCH,1000,2,0.2,0.9,0.5,0.2,3082886720,,166,0,3,,,0.0007463043985891605
401,PATCH,1000,2,0.2,0.9,0.5,0.2,3082886720,,578,0,3,,,0.0007545912717401343
402,PATCH,1000,2,0.2,0.9,0.5,0.2,3082886720,,936,0,2,,,0.0006054201396014191
403,PATCH,1000,2,0.2,0.9,0.5,0.2,3082886720,,761,0,2,,,0.0005482184766037018
404,PATCH,1000,2,0.2,0.9,0.5,0.2,3082886720,,287,0,8,,,0.0018894983167044787
405,PATCH,1000,2,0.2,0.9,0.5,0.2,3082886720,,697,0,2,,,0.0005707738235684545
406,PATCH,1000,2,0.2,0.9,0.5,0.2,3082886720,,786,0,2,,,0.0005467445645321535
407,PATCH,1000,2,0.2,0.9,0.5,0.2,3082886720,,62,0,8,,,0.0018890455403039637
408,PATCH,1000,2,0.2,0.9,0.5,0.2,3082886720,,912,0,2,,,0.0005672091745728381
409,PATCH,1000,2,0.2,0.9,0.5,0.2,3082886720,,224,0,2,,,0.0005527187510147068
410,PATCH,1000,2,0.2,0.9,0.5,0.2,3082886720,,690,0,2,,,0.0005804825956762845
411,PATCH,1000,2,0.2,0.9,0.5,0.2,3082886720,,947,0,2,,,0.0005663372411506524
412,PATCH,1000,2,0.2,0.9,0.5,0.2,3082886720,,149,0,7,,,0.0016497945396537082
413,PATCH,1000,2,0.2,0.9,0.5,0.2,3082886720,,973,0,2,,,0.0005524981696174137
414,PATCH,1000,2,0.2,0.9,0.5,0.2,3082886720,,913,0,2,,,0.0005379763699950733
415,PATCH,1000,2,0.2,0.9,0.5,0.2,3082886720,,265,0,2,,,0.0005594576852717393
416,PATCH,1000,2,0.2,0.9,0.5,0.2,3082886720,,148,0,3,,,0.0007574713639729499
417,PATCH,1000,2,0.2,0.9,0.5,0.2,3082886720,,81,0,13,,,0.003029477426805658
418,PATCH,1000,2,0.2,0.9,0.5,0.2,3082886720,,117,0,3,,,0.000777107657187297
419,PATCH,1000,2,0.2,0.9,0.5,0.2,3082886720,,341,0,3,,,0.0007898135285025578
420,PATCH,1000,2,0.2,0.9,0.5,0.2,3082886720,,30,0,13,,,0.0028521007456914203
421,PATCH,1000,2,0.2,0.9,0.5,0.2,3082886720,,333,0,4,,,0.001074033563716355
422,PATCH,1000,2,0.2,0.9,0.5,0.2,3082886720,,283,0,4,,,0.0010004477071310792
423,PATCH,1000,2,0.2,0.9,0.5,0.2,3082886720,,180,0,2,,,0.0005389007386067881
424,PATCH,1000,2,0.2,0.9,0.5,0.2,3082886720,,114,0,4,,,0.0010197249613018691
425,PATCH,1000,2,0.2,0.9,0.5,0.2,3082886720,,544,0,3,,,0.0008048136969068505
426,PATCH,1000,2,0.2,0.9,0.5,0.2,3082886720,,754,0,2,,,0.0005547110649369656
427,PATCH,1000,2,0.2,0.9,0.5,0.2,3082886720,,742,0,5,,,0.001298520360872815
428,PATCH,1000,2,0.2,0.9,0.5,0.2,3082886720,,659,0,2,,,0.0005202081707464118
429,PATCH,1000,2,0.2,0.9,0.5,0.2,3082886720,,979,0,2,,,0.000573641582351401
430,PATCH,1000,2,0.2,0.9,0.5,0.2,3082886720,,194,0,3,,,0.0007899287978935084
431,PATCH,1000,2,0.2,0.9,0.5,0.2,3082886720,,197,0,5,,,0.001201806825028113
432,PATCH,1000,2,0.2,0.9,0.5,0.2,3082886720,,422,0,2,,,0.0005457918329365466
433,PATCH,1000,2,0.2,0.9,0.5,0.2,3082886720,,829,0,2,,,0.0005439406733379764
434,PATCH,1000,2,0.2,0.9,0.5,0.2,3082886720,,19,0,5,,,0.0012093713859479543
435,PATCH,1000,2,0.2,0.9,0.5,0.2,3082886720,,644,0,4,,,0.001071318910332611
436,PATCH,1000,2,0.2,0.9,0.5,0.2,3082886720,,880,0,2,,,0.0005351257127177541
437,PATCH,1000,2,0.2,0.9,0.5,0.2,3082886720,,957,0,2,,,0.0005631042812498557
438,PATCH,1000,2,0.2,0.9,0.5,0.2,3082886720,,179,0,4,,,0.0009881245116027738
439,PATCH,1000,2,0.2,0.9,0.5,0.2,3082886720,,84,0,7,,,0.0016872799810380306
440,PATCH,1000,2,0.2,0.9,0.5,0.2,3082886720,,893,0,2,,,0.0005692907670052737
441,PATCH,1000,2,0.2,0.9,0.5,0.2,3082886720,,293,0,5,,,0.0012926035591072154
442,PATCH,1000,2,0.2,0.9,0.5,0.2,3082886720,,195,0,3,,,0.0007821091098261346
443,PATCH,1000,2,0.2,0.9,0.5,0.2,3082886720,,386,0,2,,,0.0005680457955715093
444,PATCH,1000,2,0.2,0.9,0.5,0.2,3082886720,,290,0,5,,,0.0012685850755612999
445,PATCH,1000,2,0.2,0.9,0.5,0.2,3082886720,,8,0,15,,,0.003289484233803803
446,PATCH,1000,2,0.2,0.9,0.5,0.2,3082886720,,816,0,2,,,0.0005882355936935082
447,PATCH,1000,2,0.2,0.9,0.5,0.2,3082886720,,309,0,2,,,0.000574653604185111
448,PATCH,1000,2,0.2,0.9,0.5,0.2,3082886720,,261,0,3,,,0.000781763571282884
449,PATCH,1000,2,0.2,0.9,0.5,0.2,3082886720,,573,0,2,,,0.0005407604572568014
450,PATCH,1000,2,0.2,0.9,0.5,0.2,3082886720,,871,0,2,,,0.0005675132938804124
451,PATCH,1000,2,0.2,0.9,0.5,0.2,3082886720,,452,0,2,,,0.000550438311968437
452,PATCH,1000,2,0.2,0.9,0.5,0.2,3082886720,,18,0,30,,,0.0066922374460459825
453,PATCH,1000,2,0.2,0.9,0.5,0.2,3082886720,,597,0,2,,,0.0005278408052863246
454,PATCH,1000,2,0.2,0.9,0.5,0.2,3082886720,,236,0,2,,,0.0005161145055638209
455,PATCH,1000,2,0.2,0.9,0.5,0.2,3082886720,,101,0,9,,,0.002078335100211413
456,PATCH,1000,2,0.2,0.9,0.5,0.2,3082886720,,899,0,2,,,0.0005796138255822411
457,PATCH,1000,2,0.2,0.9,0.5,0.2,3082886720,,775,0,2,,,0.0005750030830870723
458,PATCH,1000,2,0.2,0.9,0.5,0.2,3082886720,,442,0,4,,,0.00098404251119178
459,PATCH,1000,2,0.2,0.9,0.5,0.2,3082886720,,589,0,2,,,0.0005590213292165088
460,PATCH,1000,2,0.2,0.9,0.5,0.2,3082886720,,354,0,2,,,0.0005471912197722205
461,PATCH,1000,2,0.2,0.9,0.5,0.2,3082886720,,382,0,2,,,0.0005705725096844579
462,PATCH,1000,2,0.2,0.9,0.5,0.2,3082886720,,657,0,2,,,0.0005671526823075708
463,PATCH,1000,2,0.2,0.9,0.5,0.2,3082886720,,612,0,3,,,0.0008201394985778783
464,PATCH,1000,2,0.2,0.9,0.5,0.2,3082886720,,511,0,3,,,0.0007772826046006218
465,PATCH,1000,2,0.2,0.9,0.5,0.2,3082886720,,879,0,2,,,0.0005576208755130457
466,PATCH,1000,2,0.2,0.9,0.5,0.2,3082886720,,712,0,2,,,0.0005228160624050066
467,PATCH,1000,2,0.2,0.9,0.5,0.2,3082886720,,547,0,2,,,0.0005238195355258525
468,PATCH,1000,2,0.2,0.9,0.5,0.2,3082886720,,731,0,2,,,0.0005434850826216922
469,PATCH,1000,2,0.2,0.9,0.5,0.2,3082886720,,794,0,2,,,0.0006076700064300226
470,PATCH,1000,2,0.2,0.9,0.5,0.2,3082886720,,654,0,4,,,0.0010269260247613764
471,PATCH,1000,2,0.2,0.9,0.5,0.2,3082886720,,832,0,3,,,0.0007826131406512725
472,PATCH,1000,2,0.2,0.9,0.5,0.2,3082886720,,647,0,3,,,0.0007973301430325227
473,PATCH,1000,2,0.2,0.9,0.5,0.2,3082886720,,855,0,2,,,0.0006059300408607654
474,PATCH,1000,2,0.2,0.9,0.5,0.2,3082886720,,972,0,2,,,0.0005146994257909158
475,PATCH,1000,2,0.2,0.9,0.5,0.2,3082886720,,565,0,4,,,0.001024313612823097
476,PATCH,1000,2,0.2,0.9,0.5,0.2,3082886720,,267,0,4,,,0.0010137158613975831
477,PATCH,1000,2,0.2,0.9,0.5,0.2,3082886720,,43,0,9,,,0.0021155737810141335
478,PATCH,1000,2,0.2,0.9,0.5,0.2,3082886720,,315,0,4,,,0.0009850039400303514
479,PATCH,1000,2,0.2,0.9,0.5,0.2,3082886720,,446,0,2,,,0.0005531663492354306
480,PATCH,1000,2,0.2,0.9,0.5,0.2,3082886720,,744,0,2,,,0.0005978646003808117
481,PATCH,1000,2,0.2,0.9,0.5,0.2,3082886720,,569,0,2,,,0.0005347240131553894
482,PATCH,1000,2,0.2,0.9,0.5,0.2,3082886720,,472,0,3,,,0.0007594251698762816
483,PATCH,1000,2,0.2,0.9,0.5,0.2,3082886720,,441,0,2,,,0.0005794888916204064
484,PATCH,1000,2,0.2,0.9,0.5,0.2,3082886720,,129,0,2,,,0.0005461160610483573
485,PATCH,1000,2,0.2,0.9,0.5,0.2,3082886720,,175,0,5,,,0.0011939317745622248
486,PATCH,1000,2,0.2,0.9,0.5,0.2,3082886720,,497,0,2,,,0.0005499943311233513
487,PATCH,1000,2,0.2,0.9,0.5,0.2,3082886720,,158,0,3,,,0.0007440159376349086
488,PATCH,1000,2,0.2,0.9,0.5,0.2,3082886720,,2,0,76,,,0.016143966970437844
489,PATCH,1000,2,0.2,0.9,0.5,0.2,3082886720,,894,0,2,,,0.0005564542599774134
490,PATCH,1000,2,0.2,0.9,0.5,0.2,3082886720,,167,0,2,,,0.0005702420471985888
491,PATCH,1000,2,0.2,0.9,0.5,0.2,3082886720,,724,0,3,,,0.0008171349516105426
492,PATCH,1000,2,0.2,0.9,0.5,0.2,3082886720,,952,0,2,,,0.0005441708618209168
493,PATCH,1000,2,0.2,0.9,0.5,0.2,3082886720,,613,0,2,,,0.0005604328419525108
494,PATCH,1000,2,0.2,0.9,0.5,0.2,3082886720,,350,0,3,,,0.0007815987818431049
495,PATCH,1000,2,0.2,0.9,0.5,0.2,3082886720,,994,0,2,,,0.0006145325696477237
496,PATCH,1000,2,0.2,0.9,0.5,0.2,3082886720,,630,0,2,,,0.0005209378642754409
497,PATCH,1000,2,0.2,0.9,0.5,0.2,3082886720,,230,0,4,,,0.0009798056296872922
498,PATCH,1000,2,0.2,0.9,0.5,0.2,3082886720,,435,0,3,,,0.0007963923996073269
499,PATCH,1000,2,0.2,0.9,0.5,0.2,3082886720,,272,0,3,,,0.0007604908507623698
500,PATCH,1000,2,0.2,0.9,0.5,0.2,3082886720,,48,0,17,,,0.0039841194450351645
501,PATCH,1000,2,0.2,0.9,0.5,0.2,3082886720,,854,0,2,,,0.0005561113279399832
502,PATCH,1000,2,0.2,0.9,0.5,0.2,3082886720,,707,0,3,,,0.0008281474645811739
503,PATCH,1000,2,0.2,0.9,0.5,0.2,3082886720,,1,0,7,,,0.0017101746475049126
504,PATCH,1000,2,0.2,0.9,0.5,0.2,3082886720,,253,0,5,,,0.0012346792550031469
505,PATCH,1000,2,0.2,0.9,0.5,0.2,3082886720,,227,0,5,,,0.0012585605673086184
506,PATCH,1000,2,0.2,0.9,0.5,0.2,3082886720,,63,0,8,,,0.0019549757262925004
507,PATCH,1000,2,0.2,0.9,0.5,0.2,3082886720,,352,0,6,,,0.0014663165734346234
508,PATCH,1000,2,0.2,0.9,0.5,0.2,3082886720,,169,0,2,,,0.0005219371827005728
509,PATCH,1000,2,0.2,0.9,0.5,0.2,3082886720,,562,0,3,,,0.0008049321192020028
510,PATCH,1000,2,0.2,0.9,0.5,0.2,3082886720,,394,0,2,,,0.0005401662290274448
511,PATCH,1000,2,0.2,0.9,0.5,0.2,3082886720,,688,0,3,,,0.0007706460726480599
512,PATCH,1000,2,0.2,0.9,0.5,0.2,3082886720,,334,0,6,,,0.0014341481912715905
513,PATCH,1000,2,0.2,0.9,0.5,0.2,3082886720,,91,0,18,,,0.004173360662023708
514,PATCH,1000,2,0.2,0.9,0.5,0.2,3082886720,,513,0,2,,,0.0005932423858272438
515,PATCH,1000,2,0.2,0.9,0.5,0.2,3082886720,,36,0,11,,,0.0024727715437344107
516,PATCH,1000,2,0.2,0.9,0.5,0.2,3082886720,,715,0,2,,,0.0005960049859411622
517,PATCH,1000,2,0.2,0.9,0.5,0.2,3082886720,,189,0,2,,,0.0005377749243457937
518,PATCH,1000,2,0.2,0.9,0.5,0.2,3082886720,,726,0,2,,,0.0005612016004856007
519,PATCH,1000,2,0.2,0.9,0.5,0.2,3082886720,,361,0,2,,,0.0005480758692807351
520,PATCH,1000,2,0.2,0.9,0.5,0.2,3082886720,,696,0,2,,,0.0006051910866171667
521,PATCH,1000,2,0.2,0.9,0.5,0.2,3082886720,,757,0,2,,,0.0006123641347736123
522,PATCH,1000,2,0.2,0.9,0.5,0.2,3082886720,,418,0,3,,,0.0008136875226591216
523,PATCH,1000,2,0.2,0.9,0.5,0.2,3082886720,,71,0,7,,,0.0015616155158777712
524,PATCH,1000,2,0.2,0.9,0.5,0.2,3082886720,,380,0,5,,,0.0011723437643441376
525,PATCH,1000,2,0.2,0.9,0.5,0.2,3082886720,,317,0,3,,,0.0007878181398253836
526,PATCH,1000,2,0.2,0.9,0.5,0.2,3082886720,,792,0,2,,,0.0005238292518750004
527,PATCH,1000,2,0.2,0.9,0.5,0.2,3082886720,,602,0,2,,,0.0006019595703895072
528,PATCH,1000,2,0.2,0.9,0.5,0.2,3082886720,,305,0,4,,,0.0009710677159555486
529,PATCH,1000,2,0.2,0.9,0.5,0.2,3082886720,,218,0,7,,,0.0016560260132559045
530,PATCH,1000,2,0.2,0.9,0.5,0.2,3082886720,,172,0,3,,,0.0007797192299143382
531,PATCH,1000,2,0.2,0.9,0.5,0.2,3082886720,,302,0,3,,,0.0007928123252448729
532,PATCH,1000,2,0.2,0.9,0.5,0.2,3082886720,,606,0,3,,,0.0008035760449287602
533,PATCH,1000,2,0.2,0.9,0.5,0.2,3082886720,,711,0,3,,,0.0007551347688011735
534,PATCH,1000,2,0.2,0.9,0.5,0.2,3082886720,,617,0,3,,,0.0007767417444483022
535,PATCH,1000,2,0.2,0.9,0.5,0.2,3082886720,,651,0,3,,,0.0007835616850863178
536,PATCH,1000,2,0.2,0.9,0.5,0.2,3082886720,,295,0,7,,,0.001735284749187662
537,PATCH,1000,2,0.2,0.9,0.5,0.2,3082886720,,850,0,3,,,0.0008134593891481548
538,PATCH,1000,2,0.2,0.9,0.5,0.2,3082886720,,434,0,2,,,0.0005633970736019902
539,PATCH,1000,2,0.2,0.9,0.5,0.2,3082886720,,840,0,2,,,0.000585683289279753
540,PATCH,1000,2,0.2,0.9,0.5,0.2,3082886720,,777,0,2,,,0.0006036147111028696
541,PATCH,1000,2,0.2,0.9,0.5,0.2,3082886720,,451,0,2,,,0.0005363731715396235
542,PATCH,1000,2,0.2,0.9,0.5,0.2,3082886720,,962,0,2,,,0.0005725067736344103
543,PATCH,1000,2,0.2,0.9,0.5,0.2,3082886720,,631,0,2,,,0.0005437153356939228
544,PATCH,1000,2,0.2,0.9,0.5,0.2,3082886720,,779,0,2,,,0.0005644938615199013
545,PATCH,1000,2,0.2,0.9,0.5,0.2,3082886720,,254,0,2,,,0.0005204243174680415
546,PATCH,1000,2,0.2,0.9,0.5,0.2,3082886720,,848,0,2,,,0.000585947051411924
547,PATCH,1000,2,0.2,0.9,0.5,0.2,3082886720,,366,0,2,,,0.0005743095601736086
548,PATCH,1000,2,0.2,0.9,0.5,0.2,3082886720,,205,0,2,,,0.0005335183066104557
549,PATCH,1000,2,0.2,0.9,0.5,0.2,3082886720,,493,0,3,,,0.0007671583940895391
550,PATCH,1000,2,0.2,0.9,0.5,0.2,3082886720,,376,0,4,,,0.00102646326505993
551,PATCH,1000,2,0.2,0.9,0.5,0.2,3082886720,,281,0,2,,,0.0005538729791384438
552,PATCH,1000,2,0.2,0.9,0.5,0.2,3082886720,,448,0,2,,,0.0005568934871496119
553,PATCH,1000,2,0.2,0.9,0.5,0.2,3082886720,,975,0,2,,,0.0005837673336474508
554,PATCH,1000,2,0.2,0.9,0.5,0.2,3082886720,,119,0,2,,,0.0005424723750800873
555,PATCH,1000,2,0.2,0.9,0.5,0.2,3082886720,,284,0,5,,,0.0012804497855247276
556,PATCH,1000,2,0.2,0.9,0.5,0.2,3082886720,,122,0,5,,,0.001236290680123575
557,PATCH,1000,2,0.2,0.9,0.5,0.2,3082886720,,494,0,2,,,0.0005252747669921833
558,PATCH,1000,2,0.2,0.9,0.5,0.2,3082886720,,82,0,4,,,0.000997753625382585
559,PATCH,1000,2,0.2,0.9,0.5,0.2,3082886720,,249,0,4,,,0.0010203502445869153
560,PATCH,1000,2,0.2,0.9,0.5,0.2,3082886720,,342,0,5,,,0.0011642794254514285
561,PATCH,1000,2,0.2,0.9,0.5,0.2,3082886720,,37,0,15,,,0.0032882707554513016
562,PATCH,1000,2,0.2,0.9,0.5,0.2,3082886720,,319,0,3,,,0.0007880715943866184
563,PATCH,1000,2,0.2,0.9,0.5,0.2,3082886720,,431,0,2,,,0.0005368354515147764
564,PATCH,1000,2,0.2,0.9,0.5,0.2,3082886720,,38,0,14,,,0.0031288874510903737
565,PATCH,1000,2,0.2,0.9,0.5,0.2,3082886720,,621,0,2,,,0.0005973314894447961
566,PATCH,1000,2,0.2,0.9,0.5,0.2,3082886720,,168,0,2,,,0.0005355474771119912
567,PATCH,1000,2,0.2,0.9,0.5,0.2,3082886720,,219,0,10,,,0.002338973812244385
568,PATCH,1000,2,0.2,0.9,0.5,0.2,3082886720,,956,0,2,,,0.0005675439846190996
569,PATCH,1000,2,0.2,0.9,0.5,0.2,3082886720,,669,0,2,,,0.0005428803397726366
570,PATCH,1000,2,0.2,0.9,0.5,0.2,3082886720,,212,0,4,,,0.0010149894305893764
571,PATCH,1000,2,0.2,0.9,0.5,0.2,3082886720,,944,0,2,,,0.0005845496233248768
572,PATCH,1000,2,0.2,0.9,0.5,0.2,3082886720,,163,0,2,,,0.0005350967771221397
573,PATCH,1000,2,0.2,0.9,0.5,0.2,3082886720,,445,0,3,,,0.0008083609953243598
574,PATCH,1000,2,0.2,0.9,0.5,0.2,3082886720,,838,0,2,,,0.0005534538106791034
575,PATCH,1000,2,0.2,0.9,0.5,0.2,3082886720,,96,0,5,,,0.0012088296794444309
576,PATCH,1000,2,0.2,0.9,0.5,0.2,3082886720,,784,0,2,,,0.0005578115989114972
577,PATCH,1000,2,0.2,0.9,0.5,0.2,3082886720,,388,0,2,,,0.0005850100873624642
578,PATCH,1000,2,0.2,0.9,0.5,0.2,3082886720,,795,0,2,,,0.0005491298841244308
579,PATCH,1000,2,0.2,0.9,0.5,0.2,3082886720,,593,0,2,,,0.0005634152699285485
580,PATCH,1000,2,0.2,0.9,0.5,0.2,3082886720,,903,0,2,,,0.0005438283026041424
581,PATCH,1000,2,0.2,0.9,0.5,0.2,3082886720,,923,0,3,,,0.0008179024765893673
582,PATCH,1000,2,0.2,0.9,0.5,0.2,3082886720,,555,0,3,,,0.0007380050480842597
583,PATCH,1000,2,0.2,0.9,0.5,0.2,3082886720,,614,0,3,,,0.0007824211559282648
584,PATCH,1000,2,0.2,0.9,0.5,0.2,3082886720,,897,0,2,,,0.0005819447698048988
585,PATCH,1000,2,0.2,0.9,0.5,0.2,3082886720,,411,0,5,,,0.0013049833653652099
586,PATCH,1000,2,0.2,0.9,0.5,0.2,3082886720,,473,0,3,,,0.0008079000870952358
587,PATCH,1000,2,0.2,0.9,0.5,0.2,3082886720,,529,0,3,,,0.0007904759091373125
588,PATCH,1000,2,0.2,0.9,0.5,0.2,3082886720,,625,0,2,,,0.0005449374024546944
589,PATCH,1000,2,0.2,0.9,0.5,0.2,3082886720,,626,0,2,,,0.0005468978336289972
590,PATCH,1000,2,0.2,0.9,0.5,0.2,3082886720,,312,0,3,,,0.0007541560443556784
591,PATCH,1000,2,0.2,0.9,0.5,0.2,3082886720,,963,0,3,,,0.0008300228415160377
592,PATCH,1000,2,0.2,0.9,0.5,0.2,3082886720,,58,0,7,,,0.0016123347721905266
593,PATCH,1000,2,0.2,0.9,0.5,0.2,3082886720,,729,0,2,,,0.000538019790200151
594,PATCH,1000,2,0.2,0.9,0.5,0.2,3082886720,,329,0,5,,,0.0012572712389007108
595,PATCH,1000,2,0.2,0.9,0.5,0.2,3082886720,,220,0,8,,,0.0018846531905092284
596,PATCH,1000,2,0.2,0.9,0.5,0.2,3082886720,,462,0,2,,,0.0006060334959976326
597,PATCH,1000,2,0.2,0.9,0.5,0.2,3082886720,,292,0,6,,,0.0015167112685764066
598,PATCH,1000,2,0.2,0.9,0.5,0.2,3082886720,,660,0,2,,,0.000559215117275286
599,PATCH,1000,2,0.2,0.9,0.5,0.2,3082886720,,837,0,2,,,0.0005571681707950999
600,PATCH,1000,2,0.2,0.9,0.5,0.2,3082886720,,927,0,2,,,0.0005672675583846772
601,PATCH,1000,2,0.2,0.9,0.5,0.2,3082886720,,196,0,4,,,0.0009768978151885666
602,PATCH,1000,2,0.2,0.9,0.5,0.2,3082886720,,674,0,3,,,0.0007881560590743158
603,PATCH,1000,2,0.2,0.9,0.5,0.2,3082886720,,358,0,2,,,0.0005480968109123999
604,PATCH,1000,2,0.2,0.9,0.5,0.2,3082886720,,353,0,2,,,0.0005863997415581645
605,PATCH,1000,2,0.2,0.9,0.5,0.2,3082886720,,374,0,3,,,0.0007750089514587325
606,PATCH,1000,2,0.2,0.9,0.5,0.2,3082886720,,560,0,3,,,0.0007836418728921322
607,PATCH,1000,2,0.2,0.9,0.5,0.2,3082886720,,831,0,2,,,0.0005343208322712157
608,PATCH,1000,2,0.2,0.9,0.5,0.2,3082886720,,566,0,2,,,0.0005489630090004913
609,PATCH,1000,2,0.2,0.9,0.5,0.2,3082886720,,884,0,2,,,0.000582298269455089
610,PATCH,1000,2,0.2,0.9,0.5,0.2,3082886720,,718,0,2,,,0.0005521665447742289
611,PATCH,1000,2,0.2,0.9,0.5,0.2,3082886720,,260,0,5,,,0.0012213063967653286
612,PATCH,1000,2,0.2,0.9,0.5,0.2,3082886720,,765,0,2,,,0.0005682893098420337
613,PATCH,1000,2,0.2,0.9,0.5,0.2,3082886720,,298,0,2,,,0.0005357516751161426
614,PATCH,1000,2,0.2,0.9,0.5,0.2,3082886720,,165,0,6,,,0.0014253971662061158
615,PATCH,1000,2,0.2,0.9,0.5,0.2,3082886720,,345,0,6,,,0.0014766662330227287
616,PATCH,1000,2,0.2,0.9,0.5,0.2,3082886720,,25,0,10,,,0.0022197407405095734
617,PATCH,1000,2,0.2,0.9,0.5,0.2,3082886720,,130,0,4,,,0.0010270570193941402
618,PATCH,1000,2,0.2,0.9,0.5,0.2,3082886720,,851,0,2,,,0.0005725112828919766
619,PATCH,1000,2,0.2,0.9,0.5,0.2,3082886720,,155,0,2,,,0.0005196745143839673
620,PATCH,1000,2,0.2,0.9,0.5,0.2,3082886720,,264,0,9,,,0.0021333507518391105
621,PATCH,1000,2,0.2,0.9,0.5,0.2,3082886720,,665,0,2,,,0.0005578212145185252
622,PATCH,1000,2,0.2,0.9,0.5,0.2,3082886720,,974,0,2,,,0.0005562687426311212
623,PATCH,1000,2,0.2,0.9,0.5,0.2,3082886720,,177,0,6,,,0.0014034642834568356
624,PATCH,1000,2,0.2,0.9,0.5,0.2,3082886720,,469,0,4,,,0.0010543721996588463
625,PATCH,1000,2,0.2,0.9,0.5,0.2,3082886720,,291,0,3,,,0.0008020454322222086
626,PATCH,1000,2,0.2,0.9,0.5,0.2,3082886720,,581,0,6,,,0.0014987492174121768
627,PATCH,1000,2,0.2,0.9,0.5,0.2,3082886720,,796,0,2,,,0.0005730784564370744
628,PATCH,1000,2,0.2,0.9,0.5,0.2,3082886720,,5,0,12,,,0.00278340180398258
629,PATCH,1000,2,0.2,0.9,0.5,0.2,3082886720,,955,0,2,,,0.0005459808158399223
630,PATCH,1000,2,0.2,0.9,0.5,0.2,3082886720,,883,0,2,,,0.0005603363078125587
631,PATCH,1000,2,0.2,0.9,0.5,0.2,3082886720,,232,0,6,,,0.001462404232894595
632,PATCH,1000,2,0.2,0.9,0.5,0.2,3082886720,,323,0,3,,,0.0007732212080029293
633,PATCH,1000,2,0.2,0.9,0.5,0.2,3082886720,,738,0,2,,,0.0005166141133361874
634,PATCH,1000,2,0.2,0.9,0.5,0.2,3082886720,,9,0,29,,,0.006372713241553678
635,PATCH,1000,2,0.2,0.9,0.5,0.2,3082886720,,998,0,2,,,0.0006180069739539203
636,PATCH,1000,2,0.2,0.9,0.5,0.2,3082886720,,247,0,4,,,0.0010474185781321858
637,PATCH,1000,2,0.2,0.9,0.5,0.2,3082886720,,926,0,2,,,0.0005557699597134783
638,PATCH,1000,2,0.2,0.9,0.5,0.2,3082886720,,554,0,2,,,0.0005848658089470189
639,PATCH,1000,2,0.2,0.9,0.5,0.2,3082886720,,822,0,2,,,0.0005986166312259542
640,PATCH,1000,2,0.2,0.9,0.5,0.2,3082886720,,363,0,2,,,0.0005392363136755806
641,PATCH,1000,2,0.2,0.9,0.5,0.2,3082886720,,139,0,5,,,0.0012101734084139645
642,PATCH,1000,2,0.2,0.9,0.5,0.2,3082886720,,277,0,5,,,0.0012697934616379904
643,PATCH,1000,2,0.2,0.9,0.5,0.2,3082886720,,666,0,2,,,0.0005294814224004701
644,PATCH,1000,2,0.2,0.9,0.5,0.2,3082886720,,443,0,4,,,0.0010088354767764218
645,PATCH,1000,2,0.2,0.9,0.5,0.2,3082886720,,958,0,2,,,0.0005352921888647754
646,PATCH,1000,2,0.2,0.9,0.5,0.2,3082886720,,115,0,2,,,0.0005237552932236905
647,PATCH,1000,2,0.2,0.9,0.5,0.2,3082886720,,401,0,2,,,0.0005763731534654889
648,PATCH,1000,2,0.2,0.9,0.5,0.2,3082886720,,255,0,3,,,0.0007848592240997773
649,PATCH,1000,2,0.2,0.9,0.5,0.2,3082886720,,878,0,2,,,0.0005486517237612697
650,PATCH,1000,2,0.2,0.9,0.5,0.2,3082886720,,524,0,2,,,0.0005638228656642836
651,PATCH,1000,2,0.2,0.9,0.5,0.2,3082886720,,204,0,5,,,0.0012719202888987332
652,PATCH,1000,2,0.2,0.9,0.5,0.2,3082886720,,190,0,2,,,0.000556331993149044
653,PATCH,1000,2,0.2,0.9,0.5,0.2,3082886720,,725,0,2,,,0.0005754444897622204
654,PATCH,1000,2,0.2,0.9,0.5,0.2,3082886720,,263,0,2,,,0.0005185624141184307
655,PATCH,1000,2,0.2,0.9,0.5,0.2,3082886720,,594,0,2,,,0.0005816595345552467
656,PATCH,1000,2,0.2,0.9,0.5,0.2,3082886720,,917,0,2,,,0.0005941743778901026
657,PATCH,1000,2,0.2,0.9,0.5,0.2,3082886720,,399,0,2,,,0.0005802099878349736
658,PATCH,1000,2,0.2,0.9,0.5,0.2,3082886720,,359,0,4,,,0.001014888382655144
659,PATCH,1000,2,0.2,0.9,0.5,0.2,3082886720,,193,0,7,,,0.0016710972455049157
660,PATCH,1000,2,0.2,0.9,0.5,0.2,3082886720,,486,0,4,,,0.0010901361458673234
661,PATCH,1000,2,0.2,0.9,0.5,0.2,3082886720,,778,0,2,,,0.0005587431050590053
662,PATCH,1000,2,0.2,0.9,0.5,0.2,3082886720,,510,0,2,,,0.0005398713767665251
663,PATCH,1000,2,0.2,0.9,0.5,0.2,3082886720,,242,0,3,,,0.0008074095116501936
664,PATCH,1000,2,0.2,0.9,0.5,0.2,3082886720,,381,0,3,,,0.0008107023731474828
665,PATCH,1000,2,0.2,0.9,0.5,0.2,3082886720,,191,0,7,,,0.0016382835623140392
666,PATCH,1000,2,0.2,0.9,0.5,0.2,3082886720,,965,0,2,,,0.0005635232559081742
667,PATCH,1000,2,0.2,0.9,0.5,0.2,3082886720,,623,0,3,,,0.0007938865977280143
668,PATCH,1000,2,0.2,0.9,0.5,0.2,3082886720,,741,0,2,,,0.0005970134703281207
669,PATCH,1000,2,0.2,0.9,0.5,0.2,3082886720,,475,0,8,,,0.0019275756527558036
670,PATCH,1000,2,0.2,0.9,0.5,0.2,3082886720,,216,0,3,,,0.000785283668006876
671,PATCH,1000,2,0.2,0.9,0.5,0.2,3082886720,,55,0,9,,,0.002139253938263037
672,PATCH,1000,2,0.2,0.9,0.5,0.2,3082886720,,135,0,3,,,0.0007752918197025518
673,PATCH,1000,2,0.2,0.9,0.5,0.2,3082886720,,836,0,2,,,0.0005435701179266039
674,PATCH,1000,2,0.2,0.9,0.5,0.2,3082886720,,367,0,2,,,0.0005475323549142311
675,PATCH,1000,2,0.2,0.9,0.5,0.2,3082886720,,586,0,2,,,0.0005582316208679475
676,PATCH,1000,2,0.2,0.9,0.5,0.2,3082886720,,553,0,4,,,0.0010039951268042712
677,PATCH,1000,2,0.2,0.9,0.5,0.2,3082886720,,721,0,2,,,0.0005681118903969448
678,PATCH,1000,2,0.2,0.9,0.5,0.2,3082886720,,379,0,3,,,0.0008256346465978639
679,PATCH,1000,2,0.2,0.9,0.5,0.2,3082886720,,210,0,3,,,0.0007689108286964692
680,PATCH,1000,2,0.2,0.9,0.5,0.2,3082886720,,536,0,4,,,0.001019120293091535
681,PATCH,1000,2,0.2,0.9,0.5,0.2,3082886720,,610,0,2,,,0.0005605545862086017
682,PATCH,1000,2,0.2,0.9,0.5,0.2,3082886720,,391,0,3,,,0.0007691989343236208
683,PATCH,1000,2,0.2,0.9,0.5,0.2,3082886720,,987,0,2,,,0.0005409225151846379
684,PATCH,1000,2,0.2,0.9,0.5,0.2,3082886720,,719,0,2,,,0.0005648980561585655
685,PATCH,1000,2,0.2,0.9,0.5,0.2,3082886720,,609,0,2,,,0.0005885632715360376
686,PATCH,1000,2,0.2,0.9,0.5,0.2,3082886720,,40,0,21,,,0.004672302023140986
687,PATCH,1000,2,0.2,0.9,0.5,0.2,3082886720,,138,0,5,,,0.0012260433891607603
688,PATCH,1000,2,0.2,0.9,0.5,0.2,3082886720,,576,0,3,,,0.0007995317904793544
689,PATCH,1000,2,0.2,0.9,0.5,0.2,3082886720,,959,0,2,,,0.000583157061676276
690,PATCH,1000,2,0.2,0.9,0.5,0.2,3082886720,,976,0,2,,,0.0005292863204035076
691,PATCH,1000,2,0.2,0.9,0.5,0.2,3082886720,,750,0,2,,,0.0005820334522908233
692,PATCH,1000,2,0.2,0.9,0.5,0.2,3082886720,,395,0,4,,,0.0010206152188202817
693,PATCH,1000,2,0.2,0.9,0.5,0.2,3082886720,,233,0,6,,,0.0014210055964759955
694,PATCH,1000,2,0.2,0.9,0.5,0.2,3082886720,,557,0,2,,,0.0005443464351620833
695,PATCH,1000,2,0.2,0.9,0.5,0.2,3082886720,,600,0,2,,,0.0005705017929065017
696,PATCH,1000,2,0.2,0.9,0.5,0.2,3082886720,,92,0,10,,,0.0023664050272090703
697,PATCH,1000,2,0.2,0.9,0.5,0.2,3082886720,,339,0,5,,,0.001250452618295805
698,PATCH,1000,2,0.2,0.9,0.5,0.2,3082886720,,641,0,3,,,0.0007915255248492269
699,PATCH,1000,2,0.2,0.9,0.5,0.2,3082886720,,320,0,2,,,0.000556331993149044
700,PATCH,1000,2,0.2,0.9,0.5,0.2,3082886720,,453,0,3,,,0.0008523368927907865
701,PATCH,1000,2,0.2,0.9,0.5,0.2,3082886720,,144,0,7,,,0.00169172202841323
702,PATCH,1000,2,0.2,0.9,0.5,0.2,3082886720,,753,0,3,,,0.0008062034842277161
703,PATCH,1000,2,0.2,0.9,0.5,0.2,3082886720,,479,0,4,,,0.0010324113842936614
704,PATCH,1000,2,0.2,0.9,0.5,0.2,3082886720,,112,0,6,,,0.0014437908885706174
705,PATCH,1000,2,0.2,0.9,0.5,0.2,3082886720,,90,0,5,,,0.001201561491047559
706,PATCH,1000,2,0.2,0.9,0.5,0.2,3082886720,,770,0,2,,,0.0005979796464138787
707,PATCH,1000,2,0.2,0.9,0.5,0.2,3082886720,,64,0,9,,,0.0020498833876121496
708,PATCH,1000,2,0.2,0.9,0.5,0.2,3082886720,,759,0,3,,,0.000835521438966908
709,PATCH,1000,2,0.2,0.9,0.5,0.2,3082886720,,890,0,3,,,0.0008326329001587313
710,PATCH,1000,2,0.2,0.9,0.5,0.2,3082886720,,640,0,3,,,0.0008154052867096361
711,PATCH,1000,2,0.2,0.9,0.5,0.2,3082886720,,377,0,3,,,0.0008064652770406124
712,PATCH,1000,2,0.2,0.9,0.5,0.2,3082886720,,464,0,5,,,0.0012848391643110126
713,PATCH,1000,2,0.2,0.9,0.5,0.2,3082886720,,671,0,2,,,0.0005987007264574274
714,PATCH,1000,2,0.2,0.9,0.5,0.2,3082886720,,221,0,2,,,0.0005358009022510779
715,PATCH,1000,2,0.2,0.9,0.5,0.2,3082886720,,842,0,2,,,0.0005319231884759971
716,PATCH,1000,2,0.2,0.9,0.5,0.2,3082886720,,405,0,3,,,0.0007622898371914104
717,PATCH,1000,2,0.2,0.9,0.5,0.2,3082886720,,801,0,2,,,0.00056705463924484
718,PATCH,1000,2,0.2,0.9,0.5,0.2,3082886720,,590,0,2,,,0.0005781351675113094
719,PATCH,1000,2,0.2,0.9,0.5,0.2,3082886720,,655,0,2,,,0.0005536360868921901
720,PATCH,1000,2,0.2,0.9,0.5,0.2,3082886720,,815,0,4,,,0.001039610824389252
721,PATCH,1000,2,0.2,0.9,0.5,0.2,3082886720,,983,0,2,,,0.0005263998187534281
722,PATCH,1000,2,0.2,0.9,0.5,0.2,3082886720,,351,0,3,,,0.0007821844240442836
723,PATCH,1000,2,0.2,0.9,0.5,0.2,3082886720,,136,0,12,,,0.0028221647715926893
724,PATCH,1000,2,0.2,0.9,0.5,0.2,3082886720,,369,0,4,,,0.0010322590187580815
725,PATCH,1000,2,0.2,0.9,0.5,0.2,3082886720,,182,0,6,,,0.001427580303062866
726,PATCH,1000,2,0.2,0.9,0.5,0.2,3082886720,,943,0,2,,,0.0005832292315247383
727,PATCH,1000,2,0.2,0.9,0.5,0.2,3082886720,,97,0,4,,,0.000982446526379495
728,PATCH,1000,2,0.2,0.9,0.5,0.2,3082886720,,523,0,2,,,0.0005547261248300279
729,PATCH,1000,2,0.2,0.9,0.5,0.2,3082886720,,933,0,2,,,0.000545506928230654
730,PATCH,1000,2,0.2,0.9,0.5,0.2,3082886720,,33,0,4,,,0.001005334414674198
731,PATCH,1000,2,0.2,0.9,0.5,0.2,3082886720,,966,0,2,,,0.0005573911359386522
732,PATCH,1000,2,0.2,0.9,0.5,0.2,3082886720,,406,0,3,,,0.0008280970948666716
733,PATCH,1000,2,0.2,0.9,0.5,0.2,3082886720,,439,0,2,,,0.0005361825491133892
734,PATCH,1000,2,0.2,0.9,0.5,0.2,3082886720,,214,0,7,,,0.001666330497963448
735,PATCH,1000,2,0.2,0.9,0.5,0.2,3082886720,,699,0,2,,,0.0005716406167071489
736,PATCH,1000,2,0.2,0.9,0.5,0.2,3082886720,,248,0,2,,,0.0005120695099675023
737,PATCH,1000,2,0.2,0.9,0.5,0.2,3082886720,,46,0,3,,,0.0007418927033561961
738,PATCH,1000,2,0.2,0.9,0.5,0.2,3082886720,,649,0,2,,,0.00061201912384395
739,PATCH,1000,2,0.2,0.9,0.5,0.2,3082886720,,126,0,3,,,0.0008145886072301097
740,PATCH,1000,2,0.2,0.9,0.5,0.2,3082886720,,563,0,2,,,0.0005450052984953914
741,PATCH,1000,2,0.2,0.9,0.5,0.2,3082886720,,356,0,4,,,0.0009873212201670512
742,PATCH,1000,2,0.2,0.9,0.5,0.2,3082886720,,826,0,2,,,0.0005872769627553549
743,PATCH,1000,2,0.2,0.9,0.5,0.2,3082886720,,509,0,4,,,0.001084606827393331
744,PATCH,1000,2,0.2,0.9,0.5,0.2,3082886720,,604,0,2,,,0.000532502721748098
745,PATCH,1000,2,0.2,0.9,0.5,0.2,3082886720,,397,0,6,,,0.0014993548053178862
746,PATCH,1000,2,0.2,0.9,0.5,0.2,3082886720,,550,0,4,,,0.0010521767457353825
747,PATCH,1000,2,0.2,0.9,0.5,0.2,3082886720,,611,0,2,,,0.0005473315368628323
748,PATCH,1000,2,0.2,0.9,0.5,0.2,3082886720,,989,0,2,,,0.0005597379182387817
749,PATCH,1000,2,0.2,0.9,0.5,0.2,3082886720,,251,0,2,,,0.0005315753012293018
750,PATCH,1000,2,0.2,0.9,0.5,0.2,3082886720,,89,0,5,,,0.0012317085358435633
751,PATCH,1000,2,0.2,0.9,0.5,0.2,3082886720,,867,0,2,,,0.0005470948851850853
752,PATCH,1000,2,0.2,0.9,0.5,0.2,3082886720,,916,0,2,,,0.0005471015380048092
753,PATCH,1000,2,0.2,0.9,0.5,0.2,3082886720,,683,0,2,,,0.0005241576171890489
754,PATCH,1000,2,0.2,0.9,0.5,0.2,3082886720,,41,0,12,,,0.002730175560030432
755,PATCH,1000,2,0.2,0.9,0.5,0.2,3082886720,,585,0,3,,,0.0008223150668476626
756,PATCH,1000,2,0.2,0.9,0.5,0.2,3082886720,,240,0,2,,,0.0005314377773542827
757,PATCH,1000,2,0.2,0.9,0.5,0.2,3082886720,,888,0,3,,,0.0007981507203324805
758,PATCH,1000,2,0.2,0.9,0.5,0.2,3082886720,,866,0,3,,,0.0008002294624138555
759,PATCH,1000,2,0.2,0.9,0.5,0.2,3082886720,,668,0,2,,,0.0005730287573687315
760,PATCH,1000,2,0.2,0.9,0.5,0.2,3082886720,,134,0,4,,,0.0010495863931507313
761,PATCH,1000,2,0.2,0.9,0.5,0.2,3082886720,,849,0,2,,,0.0005604390254364428
762,PATCH,1000,2,0.2,0.9,0.5,0.2,3082886720,,495,0,2,,,0.0005530903628228763
763,PATCH,1000,2,0.2,0.9,0.5,0.2,3082886720,,76,0,4,,,0.0010005735446206125
764,PATCH,1000,2,0.2,0.9,0.5,0.2,3082886720,,991,0,2,,,0.0005952414806639234
765,PATCH,1000,2,0.2,0.9,0.5,0.2,3082886720,,370,0,3,,,0.0008262899621889523
766,PATCH,1000,2,0.2,0.9,0.5,0.2,3082886720,,485,0,3,,,0.0008283964877968447
767,PATCH,1000,2,0.2,0.9,0.5,0.2,3082886720,,306,0,3,,,0.0007879814255451243
768,PATCH,1000,2,0.2,0.9,0.5,0.2,3082886720,,27,0,21,,,0.004627143056492118
769,PATCH,1000,2,0.2,0.9,0.5,0.2,3082886720,,743,0,2,,,0.0005353617125530419
770,PATCH,1000,2,0.2,0.9,0.5,0.2,3082886720,,430,0,4,,,0.0010366055040947275
771,PATCH,1000,2,0.2,0.9,0.5,0.2,3082886720,,419,0,3,,,0.0007799591405677507
772,PATCH,1000,2,0.2,0.9,0.5,0.2,3082886720,,803,0,2,,,0.0005462813541968713
773,PATCH,1000,2,0.2,0.9,0.5,0.2,3082886720,,698,0,2,,,0.0005625318962070725
774,PATCH,1000,2,0.2,0.9,0.5,0.2,3082886720,,496,0,6,,,0.0014987034066038683
775,PATCH,1000,2,0.2,0.9,0.5,0.2,3082886720,,950,0,2,,,0.0005182336648817834
776,PATCH,1000,2,0.2,0.9,0.5,0.2,3082886720,,42,0,9,,,0.0021034146645338503
777,PATCH,1000,2,0.2,0.9,0.5,0.2,3082886720,,78,0,3,,,0.0007854424781012305
778,PATCH,1000,2,0.2,0.9,0.5,0.2,3082886720,,814,0,2,,,0.0005792765054926987
779,PATCH,1000,2,0.2,0.9,0.5,0.2,3082886720,,375,0,2,,,0.0005286579584438683
780,PATCH,1000,2,0.2,0.9,0.5,0.2,3082886720,,728,0,3,,,0.0008498537538225266
781,PATCH,1000,2,0.2,0.9,0.5,0.2,3082886720,,222,0,2,,,0.0005579972601158736
782,PATCH,1000,2,0.2,0.9,0.5,0.2,3082886720,,730,0,2,,,0.0005424043891989389
783,PATCH,1000,2,0.2,0.9,0.5,0.2,3082886720,,996,0,2,,,0.0006137008289123716
784,PATCH,1000,2,0.2,0.9,0.5,0.2,3082886720,,477,0,4,,,0.0010464680731698647
785,PATCH,1000,2,0.2,0.9,0.5,0.2,3082886720,,77,0,9,,,0.002059321073374772
786,PATCH,1000,2,0.2,0.9,0.5,0.2,3082886720,,752,0,3,,,0.0008302958142573914
787,PATCH,1000,2,0.2,0.9,0.5,0.2,3082886720,,468,0,2,,,0.000535862618445305
788,PATCH,1000,2,0.2,0.9,0.5,0.2,3082886720,,650,0,3,,,0.00082092136332392
789,PATCH,1000,2,0.2,0.9,0.5,0.2,3082886720,,830,0,3,,,0.0008132666787181462
790,PATCH,1000,2,0.2,0.9,0.5,0.2,3082886720,,234,0,2,,,0.0005556675908666576
791,PATCH,1000,2,0.2,0.9,0.5,0.2,3082886720,,390,0,4,,,0.0010153586690188374
792,PATCH,1000,2,0.2,0.9,0.5,0.2,3082886720,,886,0,2,,,0.0006005474958245504
793,PATCH,1000,2,0.2,0.9,0.5,0.2,3082886720,,60,0,7,,,0.0015902659346631516
794,PATCH,1000,2,0.2,0.9,0.5,0.2,3082886720,,142,0,3,,,0.000770149406804628
795,PATCH,1000,2,0.2,0.9,0.5,0.2,3082886720,,421,0,2,,,0.0005613372894497709
796,PATCH,1000,2,0.2,0.9,0.5,0.2,3082886720,,259,0,10,,,0.002366164173040333
797,PATCH,1000,2,0.2,0.9,0.5,0.2,3082886720,,348,0,5,,,0.0012696637762276285
798,PATCH,1000,2,0.2,0.9,0.5,0.2,3082886720,,591,0,2,,,0.0005581100769444659
799,PATCH,1000,2,0.2,0.9,0.5,0.2,3082886720,,538,0,3,,,0.0007812691504793758
800,PATCH,1000,2,0.2,0.9,0.5,0.2,3082886720,,346,1,3,,,0.0007735602633973221
801,PATCH,1000,2,0.2,0.9,0.5,0.2,3082886720,,577,1,2,,,0.0005813595553651216
802,PATCH,1000,2,0.2,0.9,0.5,0.2,3082886720,,336,1,5,,,0.0013026708177189697
803,PATCH,1000,2,0.2,0.9,0.5,0.2,3082886720,,734,1,3,,,0.0007985278171465343
804,PATCH,1000,2,0.2,0.9,0.5,0.2,3082886720,,868,1,3,,,0.0008286602549599428
805,PATCH,1000,2,0.2,0.9,0.5,0.2,3082886720,,132,1,11,,,0.0024932820051724917
806,PATCH,1000,2,0.2,0.9,0.5,0.2,3082886720,,438,1,3,,,0.0008447842070946408
807,PATCH,1000,2,0.2,0.9,0.5,0.2,3082886720,,846,1,2,,,0.0005678334751542193
808,PATCH,1000,2,0.2,0.9,0.5,0.2,3082886720,,748,1,2,,,0.0005855149251676639
809,PATCH,1000,2,0.2,0.9,0.5,0.2,3082886720,,749,1,2,,,0.0005508928530880406
810,PATCH,1000,2,0.2,0.9,0.5,0.2,3082886720,,901,1,2,,,0.0005571006475307059
811,PATCH,1000,2,0.2,0.9,0.5,0.2,3082886720,,909,1,2,,,0.0005574070490767467
812,PATCH,1000,2,0.2,0.9,0.5,0.2,3082886720,,392,1,4,,,0.001054550441658538
813,PATCH,1000,2,0.2,0.9,0.5,0.2,3082886720,,213,1,4,,,0.001006099791423253
814,PATCH,1000,2,0.2,0.9,0.5,0.2,3082886720,,543,1,2,,,0.0005574332514819684
815,PATCH,1000,2,0.2,0.9,0.5,0.2,3082886720,,402,1,3,,,0.0008039699762946612
816,PATCH,1000,2,0.2,0.9,0.5,0.2,3082886720,,771,1,2,,,0.0005538827834414464
817,PATCH,1000,2,0.2,0.9,0.5,0.2,3082886720,,192,1,3,,,0.0008078019609085129
818,PATCH,1000,2,0.2,0.9,0.5,0.2,3082886720,,954,1,2,,,0.0005923670849557519
819,PATCH,1000,2,0.2,0.9,0.5,0.2,3082886720,,456,1,4,,,0.0009902882545384094
820,PATCH,1000,2,0.2,0.9,0.5,0.2,3082886720,,843,1,2,,,0.0005849334924599128
821,PATCH,1000,2,0.2,0.9,0.5,0.2,3082886720,,735,1,3,,,0.0007966375509065822
822,PATCH,1000,2,0.2,0.9,0.5,0.2,3082886720,,938,1,2,,,0.0006021423056104146
823,PATCH,1000,2,0.2,0.9,0.5,0.2,3082886720,,429,1,3,,,0.0007580840896121333
824,PATCH,1000,2,0.2,0.9,0.5,0.2,3082886720,,162,1,2,,,0.0005225897825048328
825,PATCH,1000,2,0.2,0.9,0.5,0.2,3082886720,,427,1,3,,,0.0007578277803261804
826,PATCH,1000,2,0.2,0.9,0.5,0.2,3082886720,,44,1,5,,,0.0011610256181564963
827,PATCH,1000,2,0.2,0.9,0.5,0.2,3082886720,,588,1,2,,,0.000601676214397304
828,PATCH,1000,2,0.2,0.9,0.5,0.2,3082886720,,120,1,7,,,0.0016287870916829473
829,PATCH,1000,2,0.2,0.9,0.5,0.2,3082886720,,762,1,2,,,0.0005339778706196801
830,PATCH,1000,2,0.2,0.9,0.5,0.2,3082886720,,971,1,2,,,0.000561992145306145
831,PATCH,1000,2,0.2,0.9,0.5,0.2,3082886720,,102,1,9,,,0.0021194033572932425
832,PATCH,1000,2,0.2,0.9,0.5,0.2,3082886720,,371,1,2,,,0.0005362923888094189
833,PATCH,1000,2,0.2,0.9,0.5,0.2,3082886720,,150,1,3,,,0.0007927429399702815
834,PATCH,1000,2,0.2,0.9,0.5,0.2,3082886720,,125,1,6,,,0.001438196476516859
835,PATCH,1000,2,0.2,0.9,0.5,0.2,3082886720,,35,1,13,,,0.0029342312560124485
836,PATCH,1000,2,0.2,0.9,0.5,0.2,3082886720,,428,1,2,,,0.0005716796352223973
837,PATCH,1000,2,0.2,0.9,0.5,0.2,3082886720,,713,1,3,,,0.0008648784326746393
838,PATCH,1000,2,0.2,0.9,0.5,0.2,3082886720,,436,1,5,,,0.001255316172629358
839,PATCH,1000,2,0.2,0.9,0.5,0.2,3082886720,,785,1,2,,,0.0006189914679768877
840,PATCH,1000,2,0.2,0.9,0.5,0.2,3082886720,,949,1,2,,,0.0005706648547574852
841,PATCH,1000,2,0.2,0.9,0.5,0.2,3082886720,,31,1,10,,,0.002290682853091065
842,PATCH,1000,2,0.2,0.9,0.5,0.2,3082886720,,675,1,4,,,0.0009975204652905275
843,PATCH,1000,2,0.2,0.9,0.5,0.2,3082886720,,999,1,2,,,0.0005408295121947833
844,PATCH,1000,2,0.2,0.9,0.5,0.2,3082886720,,286,1,3,,,0.0007705132097617416
845,PATCH,1000,2,0.2,0.9,0.5,0.2,3082886720,,270,1,4,,,0.0010410745996907095
846,PATCH,1000,2,0.2,0.9,0.5,0.2,3082886720,,635,1,2,,,0.0005965483017306368
847,PATCH,1000,2,0.2,0.9,0.5,0.2,3082886720,,545,1,3,,,0.0008005287596012877
848,PATCH,1000,2,0.2,0.9,0.5,0.2,3082886720,,988,1,2,,,0.0006125353001431257
849,PATCH,1000,2,0.2,0.9,0.5,0.2,3082886720,,437,1,3,,,0.0007814001456961455
850,PATCH,1000,2,0.2,0.9,0.5,0.2,3082886720,,209,1,2,,,0.0005783126681794098
851,PATCH,1000,2,0.2,0.9,0.5,0.2,3082886720,,6,1,65,,,0.014081439370211607
852,PATCH,1000,2,0.2,0.9,0.5,0.2,3082886720,,59,1,3,,,0.0007465030862485222
853,PATCH,1000,2,0.2,0.9,0.5,0.2,3082886720,,507,1,2,,,0.0005481666320617516
854,PATCH,1000,2,0.2,0.9,0.5,0.2,3082886720,,325,1,4,,,0.0010583460352781109
855,PATCH,1000,2,0.2,0.9,0.5,0.2,3082886720,,990,1,2,,,0.0005522196174836885
856,PATCH,1000,2,0.2,0.9,0.5,0.2,3082886720,,703,1,2,,,0.0005490186522451334
857,PATCH,1000,2,0.2,0.9,0.5,0.2,3082886720,,22,1,21,,,0.004644826740512441
858,PATCH,1000,2,0.2,0.9,0.5,0.2,3082886720,,727,1,4,,,0.001053550715747737
859,PATCH,1000,2,0.2,0.9,0.5,0.2,3082886720,,94,1,9,,,0.0020939783356608947
860,PATCH,1000,2,0.2,0.9,0.5,0.2,3082886720,,541,1,3,,,0.0007886261350063861
861,PATCH,1000,2,0.2,0.9,0.5,0.2,3082886720,,433,1,3,,,0.0007746767796539459
862,PATCH,1000,2,0.2,0.9,0.5,0.2,3082886720,,783,1,2,,,0.0005809562101299175
863,PATCH,1000,2,0.2,0.9,0.5,0.2,3082886720,,940,1,2,,,0.0005638834490009152
864,PATCH,1000,2,0.2,0.9,0.5,0.2,3082886720,,330,1,2,,,0.0005915110195178924
865,PATCH,1000,2,0.2,0.9,0.5,0.2,3082886720,,256,1,3,,,0.0007923718878386629
866,PATCH,1000,2,0.2,0.9,0.5,0.2,3082886720,,911,1,2,,,0.0005595347638787426
867,PATCH,1000,2,0.2,0.9,0.5,0.2,3082886720,,535,1,4,,,0.0010316328737496473
868,PATCH,1000,2,0.2,0.9,0.5,0.2,3082886720,,393,1,2,,,0.0005339550778011007
869,PATCH,1000,2,0.2,0.9,0.5,0.2,3082886720,,603,1,2,,,0.0005830957064777427
870,PATCH,1000,2,0.2,0.9,0.5,0.2,3082886720,,704,1,2,,,0.0005458520342550741
871,PATCH,1000,2,0.2,0.9,0.5,0.2,3082886720,,424,1,3,,,0.0008160671301019308
872,PATCH,1000,2,0.2,0.9,0.5,0.2,3082886720,,408,1,2,,,0.0005215408023922239
873,PATCH,1000,2,0.2,0.9,0.5,0.2,3082886720,,176,1,2,,,0.0005275336614229345
874,PATCH,1000,2,0.2,0.9,0.5,0.2,3082886720,,245,1,7,,,0.0016485324281853833
875,PATCH,1000,2,0.2,0.9,0.5,0.2,3082886720,,877,1,2,,,0.0005505953888277287
876,PATCH,1000,2,0.2,0.9,0.5,0.2,3082886720,,178,1,4,,,0.0009899767075025583
877,PATCH,1000,2,0.2,0.9,0.5,0.2,3082886720,,746,1,2,,,0.0005514458057500051
878,PATCH,1000,2,0.2,0.9,0.5,0.2,3082886720,,652,1,5,,,0.001270779367913043
879,PATCH,1000,2,0.2,0.9,0.5,0.2,3082886720,,23,1,16,,,0.0035689306621984754
880,PATCH,1000,2,0.2,0.9,0.5,0.2,3082886720,,632,1,2,,,0.0005695695589723708
881,PATCH,1000,2,0.2,0.9,0.5,0.2,3082886720,,482,1,2,,,0.0005638470680002478
882,PATCH,1000,2,0.2,0.9,0.5,0.2,3082886720,,661,1,2,,,0.0005833842200799347
883,PATCH,1000,2,0.2,0.9,0.5,0.2,3082886720,,798,1,2,,,0.0005402575254930279
884,PATCH,1000,2,0.2,0.9,0.5,0.2,3082886720,,463,1,2,,,0.0005654718457728248
885,PATCH,1000,2,0.2,0.9,0.5,0.2,3082886720,,416,1,3,,,0.0008148107200981607
886,PATCH,1000,2,0.2,0.9,0.5,0.2,3082886720,,620,1,4,,,0.0010321171979132378
887,PATCH,1000,2,0.2,0.9,0.5,0.2,3082886720,,841,1,2,,,0.0006222951050829686
888,PATCH,1000,2,0.2,0.9,0.5,0.2,3082886720,,53,1,6,,,0.0014540443631905723
889,PATCH,1000,2,0.2,0.9,0.5,0.2,3082886720,,487,1,2,,,0.0005201709202378828
890,PATCH,1000,2,0.2,0.9,0.5,0.2,3082886720,,691,1,3,,,0.0007945543573945086
891,PATCH,1000,2,0.2,0.9,0.5,0.2,3082886720,,872,1,2,,,0.0005612450294894314
892,PATCH,1000,2,0.2,0.9,0.5,0.2,3082886720,,207,1,4,,,0.0010443201257150834
893,PATCH,1000,2,0.2,0.9,0.5,0.2,3082886720,,226,1,5,,,0.0012276266763618549
894,PATCH,1000,2,0.2,0.9,0.5,0.2,3082886720,,86,1,13,,,0.0029005392444146814
895,PATCH,1000,2,0.2,0.9,0.5,0.2,3082886720,,817,1,2,,,0.000590668536872785
896,PATCH,1000,2,0.2,0.9,0.5,0.2,3082886720,,776,1,2,,,0.0005281832459427583
897,PATCH,1000,2,0.2,0.9,0.5,0.2,3082886720,,960,1,2,,,0.0005859038802126533
898,PATCH,1000,2,0.2,0.9,0.5,0.2,3082886720,,412,1,2,,,0.0005634638030502626
899,PATCH,1000,2,0.2,0.9,0.5,0.2,3082886720,,638,1,3,,,0.0008105350933980003
900,PATCH,1000,2,0.2,0.9,0.5,0.2,3082886720,,152,1,2,,,0.0005555000358563633
901,PATCH,1000,2,0.2,0.9,0.5,0.2,3082886720,,859,1,2,,,0.0005769292954938307
902,PATCH,1000,2,0.2,0.9,0.5,0.2,3082886720,,821,1,2,,,0.000585948678833142
903,PATCH,1000,2,0.2,0.9,0.5,0.2,3082886720,,637,1,3,,,0.0007741205012189376
904,PATCH,1000,2,0.2,0.9,0.5,0.2,3082886720,,941,1,2,,,0.0005739628582529752
905,PATCH,1000,2,0.2,0.9,0.5,0.2,3082886720,,935,1,2,,,0.000548203539090372
906,PATCH,1000,2,0.2,0.9,0.5,0.2,3082886720,,34,1,7,,,0.0016497822133532288
907,PATCH,1000,2,0.2,0.9,0.5,0.2,3082886720,,804,1,2,,,0.0005624463377835475
908,PATCH,1000,2,0.2,0.9,0.5,0.2,3082886720,,787,1,2,,,0.0005248321060412778
909,PATCH,1000,2,0.2,0.9,0.5,0.2,3082886720,,389,1,2,,,0.0005455401484930566
910,PATCH,1000,2,0.2,0.9,0.5,0.2,3082886720,,790,1,2,,,0.0005941937004129639
911,PATCH,1000,2,0.2,0.9,0.5,0.2,3082886720,,99,1,6,,,0.0014139179302732282
912,PATCH,1000,2,0.2,0.9,0.5,0.2,3082886720,,908,1,2,,,0.0005597574916417511
913,PATCH,1000,2,0.2,0.9,0.5,0.2,3082886720,,910,1,2,,,0.0005983088329824085
914,PATCH,1000,2,0.2,0.9,0.5,0.2,3082886720,,579,1,2,,,0.000526507716487778
915,PATCH,1000,2,0.2,0.9,0.5,0.2,3082886720,,919,1,2,,,0.000603017902923827
916,PATCH,1000,2,0.2,0.9,0.5,0.2,3082886720,,875,1,2,,,0.0006064104694109028
917,PATCH,1000,2,0.2,0.9,0.5,0.2,3082886720,,556,1,3,,,0.0008210239845666445
918,PATCH,1000,2,0.2,0.9,0.5,0.2,3082886720,,681,1,2,,,0.0005965969890462282
919,PATCH,1000,2,0.2,0.9,0.5,0.2,3082886720,,828,1,2,,,0.0005911589239214642
920,PATCH,1000,2,0.2,0.9,0.5,0.2,3082886720,,140,1,4,,,0.000979833180750847
921,PATCH,1000,2,0.2,0.9,0.5,0.2,3082886720,,961,1,2,,,0.0005846307189263695
922,PATCH,1000,2,0.2,0.9,0.5,0.2,3082886720,,483,1,3,,,0.0007749499045913649
923,PATCH,1000,2,0.2,0.9,0.5,0.2,3082886720,,540,1,2,,,0.0005301050779528793
924,PATCH,1000,2,0.2,0.9,0.5,0.2,3082886720,,56,1,5,,,0.0012065243382971842
925,PATCH,1000,2,0.2,0.9,0.5,0.2,3082886720,,103,1,6,,,0.0014185050491093622
926,PATCH,1000,2,0.2,0.9,0.5,0.2,3082886720,,676,1,3,,,0.0007844619067323711
927,PATCH,1000,2,0.2,0.9,0.5,0.2,3082886720,,364,1,5,,,0.0012647430041065374
928,PATCH,1000,2,0.2,0.9,0.5,0.2,3082886720,,297,1,5,,,0.0012206397925302115
929,PATCH,1000,2,0.2,0.9,0.5,0.2,3082886720,,100,1,2,,,0.0005169263108641167
930,PATCH,1000,2,0.2,0.9,0.5,0.2,3082886720,,321,1,2,,,0.0005527791582568729
931,PATCH,1000,2,0.2,0.9,0.5,0.2,3082886720,,288,1,3,,,0.0007579328665304944
932,PATCH,1000,2,0.2,0.9,0.5,0.2,3082886720,,687,1,2,,,0.0005577029090012747
933,PATCH,1000,2,0.2,0.9,0.5,0.2,3082886720,,373,1,3,,,0.0007813233618126281
934,PATCH,1000,2,0.2,0.9,0.5,0.2,3082886720,,516,1,3,,,0.0007757370867696459
935,PATCH,1000,2,0.2,0.9,0.5,0.2,3082886720,,404,1,2,,,0.0005675828240531527
936,PATCH,1000,2,0.2,0.9,0.5,0.2,3082886720,,276,1,2,,,0.0005490723357456414
937,PATCH,1000,2,0.2,0.9,0.5,0.2,3082886720,,237,1,5,,,0.0012139226248220932
938,PATCH,1000,2,0.2,0.9,0.5,0.2,3082886720,,137,1,5,,,0.001258946039963598
939,PATCH,1000,2,0.2,0.9,0.5,0.2,3082886720,,13,1,16,,,0.0034540063386777776
940,PATCH,1000,2,0.2,0.9,0.5,0.2,3082886720,,387,1,3,,,0.0008065683125351043
941,PATCH,1000,2,0.2,0.9,0.5,0.2,3082886720,,682,1,2,,,0.0005525893919703362
942,PATCH,1000,2,0.2,0.9,0.5,0.2,3082886720,,360,1,2,,,0.0005697217612744596
943,PATCH,1000,2,0.2,0.9,0.5,0.2,3082886720,,252,1,4,,,0.0010555149884901673
944,PATCH,1000,2,0.2,0.9,0.5,0.2,3082886720,,384,1,3,,,0.0007634883336055126
945,PATCH,1000,2,0.2,0.9,0.5,0.2,3082886720,,235,1,7,,,0.0016032555641875973
946,PATCH,1000,2,0.2,0.9,0.5,0.2,3082886720,,16,1,19,,,0.004380063091514911
947,PATCH,1000,2,0.2,0.9,0.5,0.2,3082886720,,889,1,2,,,0.0005641359056823668
948,PATCH,1000,2,0.2,0.9,0.5,0.2,3082886720,,118,1,15,,,0.00341447749800332
949,PATCH,1000,2,0.2,0.9,0.5,0.2,3082886720,,634,1,3,,,0.000809550398091417
950,PATCH,1000,2,0.2,0.9,0.5,0.2,3082886720,,552,1,3,,,0.0008002986232603457
951,PATCH,1000,2,0.2,0.9,0.5,0.2,3082886720,,658,1,3,,,0.0007918353868876829
952,PATCH,1000,2,0.2,0.9,0.5,0.2,3082886720,,767,1,2,,,0.0005590083127550622
953,PATCH,1000,2,0.2,0.9,0.5,0.2,3082886720,,643,1,2,,,0.0005447674413584159
954,PATCH,1000,2,0.2,0.9,0.5,0.2,3082886720,,111,1,3,,,0.0007525188657646341
955,PATCH,1000,2,0.2,0.9,0.5,0.2,3082886720,,454,1,3,,,0.0008001128042852869
956,PATCH,1000,2,0.2,0.9,0.5,0.2,3082886720,,986,1,2,,,0.0005733003409937727
957,PATCH,1000,2,0.2,0.9,0.5,0.2,3082886720,,143,1,5,,,0.0011650947174228798
958,PATCH,1000,2,0.2,0.9,0.5,0.2,3082886720,,968,1,2,,,0.0005834192960178592
959,PATCH,1000,2,0.2,0.9,0.5,0.2,3082886720,,812,1,2,,,0.0005327980661565396
960,PATCH,1000,2,0.2,0.9,0.5,0.2,3082886720,,967,1,2,,,0.0006112032276823999
961,PATCH,1000,2,0.2,0.9,0.5,0.2,3082886720,,847,1,3,,,0.0007869586472140713
962,PATCH,1000,2,0.2,0.9,0.5,0.2,3082886720,,844,1,2,,,0.0005607089490487059
963,PATCH,1000,2,0.2,0.9,0.5,0.2,3082886720,,736,1,2,,,0.0006010049217066724
964,PATCH,1000,2,0.2,0.9,0.5,0.2,3082886720,,12,1,12,,,0.0026266812238610734
965,PATCH,1000,2,0.2,0.9,0.5,0.2,3082886720,,499,1,3,,,0.0008263149760066853
966,PATCH,1000,2,0.2,0.9,0.5,0.2,3082886720,,551,1,3,,,0.0008305910704882598
967,PATCH,1000,2,0.2,0.9,0.5,0.2,3082886720,,833,1,2,,,0.0005479235693192137
968,PATCH,1000,2,0.2,0.9,0.5,0.2,3082886720,,200,1,3,,,0.0007595215487370884
969,PATCH,1000,2,0.2,0.9,0.5,0.2,3082886720,,26,1,21,,,0.004654337237944614
970,PATCH,1000,2,0.2,0.9,0.5,0.2,3082886720,,905,1,2,,,0.0005519439927940828
971,PATCH,1000,2,0.2,0.9,0.5,0.2,3082886720,,275,1,3,,,0.0007630842314348127
972,PATCH,1000,2,0.2,0.9,0.5,0.2,3082886720,,156,1,2,,,0.0005528321136147867
973,PATCH,1000,2,0.2,0.9,0.5,0.2,3082886720,,583,1,3,,,0.0008246729332008032
974,PATCH,1000,2,0.2,0.9,0.5,0.2,3082886720,,642,1,5,,,0.0012931926403693865
975,PATCH,1000,2,0.2,0.9,0.5,0.2,3082886720,,805,1,2,,,0.0005594804469053087
976,PATCH,1000,2,0.2,0.9,0.5,0.2,3082886720,,782,1,3,,,0.0008278366551436116
977,PATCH,1000,2,0.2,0.9,0.5,0.2,3082886720,,904,1,2,,,0.0005383370804471967
978,PATCH,1000,2,0.2,0.9,0.5,0.2,3082886720,,800,1,3,,,0.0008280247493224567
979,PATCH,1000,2,0.2,0.9,0.5,0.2,3082886720,,717,1,2,,,0.0005644465237603666
980,PATCH,1000,2,0.2,0.9,0.5,0.2,3082886720,,271,1,2,,,0.0005399878504764099
981,PATCH,1000,2,0.2,0.9,0.5,0.2,3082886720,,239,1,5,,,0.0012290777001644046
982,PATCH,1000,2,0.2,0.9,0.5,0.2,3082886720,,183,1,3,,,0.0007440213294528167
983,PATCH,1000,2,0.2,0.9,0.5,0.2,3082886720,,618,1,2,,,0.0005722135173071403
984,PATCH,1000,2,0.2,0.9,0.5,0.2,3082886720,,863,1,2,,,0.0005941405631813942
985,PATCH,1000,2,0.2,0.9,0.5,0.2,3082886720,,241,1,3,,,0.000769243145530344
986,PATCH,1000,2,0.2,0.9,0.5,0.2,3082886720,,184,1,4,,,0.0010004378480016267
987,PATCH,1000,2,0.2,0.9,0.5,0.2,3082886720,,24,1,23,,,0.004995126998365959
988,PATCH,1000,2,0.2,0.9,0.5,0.2,3082886720,,72,1,6,,,0.0014493421375346201
989,PATCH,1000,2,0.2,0.9,0.5,0.2,3082886720,,141,1,6,,,0.0014204829205620357
990,PATCH,1000,2,0.2,0.9,0.5,0.2,3082886720,,49,1,12,,,0.002765074676700851
991,PATCH,1000,2,0.2,0.9,0.5,0.2,3082886720,,65,1,21,,,0.004731311427983519
992,PATCH,1000,2,0.2,0.9,0.5,0.2,3082886720,,870,1,2,,,0.0005472301928992357
993,PATCH,1000,2,0.2,0.9,0.5,0.2,3082886720,,781,1,4,,,0.001105562030532253
994,PATCH,1000,2,0.2,0.9,0.5,0.2,3082886720,,951,1,3,,,0.0007889076143822021
995,PATCH,1000,2,0.2,0.9,0.5,0.2,3082886720,,692,1,2,,,0.0005356507621191553
996,PATCH,1000,2,0.2,0.9,0.5,0.2,3082886720,,108,1,2,,,0.0005337929732505064
997,PATCH,1000,2,0.2,0.9,0.5,0.2,3082886720,,636,1,2,,,0.0005846751212157555
998,PATCH,1000,2,0.2,0.9,0.5,0.2,3082886720,,262,1,2,,,0.0005278461531435726
999,PATCH,1000,2,0.2,0.9,0.5,0.2,3082886720,,113,1,5,,,0.0012140269622483034
